605000
605000
605000
605000
605000
605000
604999
604999
604999
604999
604999
604998
604998
604998
604997
604997
604996
604996
604995
604995
604994
604994
604993
604993
604992
604991
604991
604990
604989
604988
604987
604987
604986
604985
604984
604983
604982
604981
604980
604979
604978
604977
604976
604975
604973
604972
604971
604970
604968
604967
604966
604964
604963
604962
604960
604959
604957
604956
604954
604952
604951
604949
604947
604946
604944
604942
604941
604939
604937
604935
604933
604931
604929
604927
604925
604923
604921
604919
604917
604915
604913
604911
604908
604906
604904
604902
604899
604897
604895
604892
604890
604887
604885
604882
604880
604877
604875
604872
604870
604867
604864
604861
604859
604856
604853
604850
604847
604845
604842
604839
604836
604833
604830
604827
604824
604821
604817
604814
604811
604808
604805
604801
604798
604795
604792
604788
604785
604781
604778
604774
604771
604767
604764
604760
604757
604753
604749
604746
604742
604738
604735
604731
604727
604723
604719
604715
604711
604707
604703
604699
604695
604691
604687
604683
604679
604675
604671
604666
604662
604658
604654
604649
604645
604640
604636
604632
604627
604623
604618
604614
604609
604604
604600
604595
604590
604586
604581
604576
604571
604567
604562
604557
604552
604547
604542
604537
604532
604527
604522
604517
604512
604507
604502
604496
604491
604486
604481
604475
604470
604465
604459
604454
604449
604443
604438
604432
604427
604421
604415
604410
604404
604398
604393
604387
604381
604375
604370
604364
604358
604352
604346
604340
604334
604328
604322
604316
604310
604304
604298
604292
604285
604279
604273
604267
604260
604254
604248
604241
604235
604229
604222
604216
604209
604203
604196
604189
604183
604176
604169
604163
604156
604149
604143
604136
604129
604122
604115
604108
604101
604094
604087
604080
604073
604066
604059
604052
604045
604038
604030
604023
604016
604009
604001
603994
603987
603979
603972
603964
603957
603949
603942
603934
603927
603919
603911
603904
603896
603888
603881
603873
603865
603857
603849
603841
603834
603826
603818
603810
603802
603794
603786
603777
603769
603761
603753
603745
603737
603728
603720
603712
603703
603695
603687
603678
603670
603661
603653
603644
603636
603627
603618
603610
603601
603592
603584
603575
603566
603557
603549
603540
603531
603522
603513
603504
603495
603486
603477
603468
603459
603450
603441
603431
603422
603413
603404
603394
603385
603376
603366
603357
603348
603338
603329
603319
603310
603300
603291
603281
603271
603262
603252
603242
603233
603223
603213
603203
603193
603183
603174
603164
603154
603144
603134
603124
603114
603104
603093
603083
603073
603063
603053
603042
603032
603022
603011
603001
602991
602980
602970
602959
602949
602938
602928
602917
602907
602896
602885
602875
602864
602853
602843
602832
602821
602810
602799
602788
602777
602766
602755
602744
602733
602722
602711
602700
602689
602678
602667
602655
602644
602633
602622
602610
602599
602588
602576
602565
602553
602542
602530
602519
602507
602496
602484
602472
602461
602449
602437
602425
602414
602402
602390
602378
602366
602354
602342
602330
602318
602306
602294
602282
602270
602258
602246
602234
602221
602209
602197
602185
602172
602160
602148
602135
602123
602110
602098
602085
602073
602060
602048
602035
602022
602010
601997
601984
601971
601959
601946
601933
601920
601907
601894
601881
601868
601855
601842
601829
601816
601803
601790
601777
601764
601750
601737
601724
601711
601697
601684
601671
601657
601644
601630
601617
601603
601590
601576
601563
601549
601535
601522
601508
601494
601480
601467
601453
601439
601425
601411
601397
601383
601370
601356
601341
601327
601313
601299
601285
601271
601257
601243
601228
601214
601200
601185
601171
601157
601142
601128
601113
601099
601084
601070
601055
601041
601026
601012
600997
600982
600967
600953
600938
600923
600908
600893
600879
600864
600849
600834
600819
600804
600789
600774
600759
600743
600728
600713
600698
600683
600667
600652
600637
600621
600606
600591
600575
600560
600544
600529
600513
600498
600482
600467
600451
600435
600420
600404
600388
600372
600356
600341
600325
600309
600293
600277
600261
600245
600229
600213
600197
600181
600165
600149
600132
600116
600100
600084
600067
600051
600035
600018
600002
599986
599969
599953
599936
599920
599903
599887
599870
599853
599837
599820
599803
599786
599770
599753
599736
599719
599702
599685
599669
599652
599635
599618
599601
599583
599566
599549
599532
599515
599498
599480
599463
599446
599429
599411
599394
599377
599359
599342
599324
599307
599289
599272
599254
599236
599219
599201
599183
599166
599148
599130
599112
599095
599077
599059
599041
599023
599005
598987
598969
598951
598933
598915
598897
598879
598860
598842
598824
598806
598787
598769
598751
598732
598714
598696
598677
598659
598640
598622
598603
598585
598566
598547
598529
598510
598491
598473
598454
598435
598416
598397
598378
598360
598341
598322
598303
598284
598265
598246
598227
598207
598188
598169
598150
598131
598111
598092
598073
598053
598034
598015
597995
597976
597956
597937
597917
597898
597878
597859
597839
597819
597800
597780
597760
597740
597721
597701
597681
597661
597641
597621
597601
597581
597561
597541
597521
597501
597481
597461
597441
597421
597400
597380
597360
597339
597319
597299
597278
597258
597238
597217
597197
597176
597155
597135
597114
597094
597073
597052
597032
597011
596990
596969
596949
596928
596907
596886
596865
596844
596823
596802
596781
596760
596739
596718
596697
596675
596654
596633
596612
596590
596569
596548
596526
596505
596484
596462
596441
596419
596398
596376
596355
596333
596311
596290
596268
596246
596225
596203
596181
596159
596137
596116
596094
596072
596050
596028
596006
595984
595962
595940
595917
595895
595873
595851
595829
595806
595784
595762
595740
595717
595695
595672
595650
595628
595605
595582
595560
595537
595515
595492
595469
595447
595424
595401
595379
595356
595333
595310
595287
595264
595241
595218
595196
595172
595149
595126
595103
595080
595057
595034
595011
594987
594964
594941
594918
594894
594871
594848
594824
594801
594777
594754
594730
594707
594683
594659
594636
594612
594589
594565
594541
594517
594494
594470
594446
594422
594398
594374
594350
594326
594302
594278
594254
594230
594206
594182
594158
594133
594109
594085
594061
594036
594012
593988
593963
593939
593914
593890
593865
593841
593816
593792
593767
593743
593718
593693
593669
593644
593619
593594
593569
593545
593520
593495
593470
593445
593420
593395
593370
593345
593320
593295
593269
593244
593219
593194
593169
593143
593118
593093
593067
593042
593017
592991
592966
592940
592915
592889
592864
592838
592812
592787
592761
592735
592709
592684
592658
592632
592606
592580
592554
592529
592503
592477
592451
592425
592399
592372
592346
592320
592294
592268
592242
592215
592189
592163
592136
592110
592084
592057
592031
592004
591978
591951
591925
591898
591872
591845
591818
591792
591765
591738
591711
591685
591658
591631
591604
591577
591550
591523
591496
591469
591442
591415
591388
591361
591334
591307
591279
591252
591225
591198
591170
591143
591116
591088
591061
591033
591006
590978
590951
590923
590896
590868
590840
590813
590785
590757
590730
590702
590674
590646
590618
590591
590563
590535
590507
590479
590451
590423
590395
590367
590338
590310
590282
590254
590226
590197
590169
590141
590113
590084
590056
590027
589999
589970
589942
589913
589885
589856
589828
589799
589770
589742
589713
589684
589655
589627
589598
589569
589540
589511
589482
589453
589424
589395
589366
589337
589308
589279
589250
589221
589191
589162
589133
589104
589074
589045
589016
588986
588957
588927
588898
588868
588839
588809
588780
588750
588720
588691
588661
588631
588602
588572
588542
588512
588482
588452
588422
588393
588363
588333
588303
588273
588242
588212
588182
588152
588122
588092
588061
588031
588001
587971
587940
587910
587879
587849
587819
587788
587758
587727
587697
587666
587635
587605
587574
587543
587513
587482
587451
587420
587389
587359
587328
587297
587266
587235
587204
587173
587142
587111
587080
587048
587017
586986
586955
586924
586892
586861
586830
586798
586767
586736
586704
586673
586641
586610
586578
586547
586515
586483
586452
586420
586388
586357
586325
586293
586261
586229
586198
586166
586134
586102
586070
586038
586006
585974
585942
585910
585877
585845
585813
585781
585749
585716
585684
585652
585619
585587
585555
585522
585490
585457
585425
585392
585360
585327
585294
585262
585229
585196
585164
585131
585098
585065
585032
585000
584967
584934
584901
584868
584835
584802
584769
584736
584702
584669
584636
584603
584570
584537
584503
584470
584437
584403
584370
584336
584303
584270
584236
584203
584169
584135
584102
584068
584035
584001
583967
583933
583900
583866
583832
583798
583764
583730
583696
583662
583628
583594
583560
583526
583492
583458
583424
583390
583356
583321
583287
583253
583219
583184
583150
583115
583081
583047
583012
582978
582943
582909
582874
582839
582805
582770
582735
582701
582666
582631
582596
582562
582527
582492
582457
582422
582387
582352
582317
582282
582247
582212
582177
582141
582106
582071
582036
582001
581965
581930
581895
581859
581824
581788
581753
581718
581682
581646
581611
581575
581540
581504
581468
581433
581397
581361
581325
581290
581254
581218
581182
581146
581110
581074
581038
581002
580966
580930
580894
580858
580822
580785
580749
580713
580677
580640
580604
580568
580531
580495
580459
580422
580386
580349
580313
580276
580239
580203
580166
580129
580093
580056
580019
579982
579946
579909
579872
579835
579798
579761
579724
579687
579650
579613
579576
579539
579502
579465
579427
579390
579353
579316
579278
579241
579204
579166
579129
579091
579054
579016
578979
578941
578904
578866
578829
578791
578753
578716
578678
578640
578602
578564
578527
578489
578451
578413
578375
578337
578299
578261
578223
578185
578147
578108
578070
578032
577994
577956
577917
577879
577841
577802
577764
577725
577687
577648
577610
577571
577533
577494
577456
577417
577378
577340
577301
577262
577223
577185
577146
577107
577068
577029
576990
576951
576912
576873
576834
576795
576756
576717
576678
576639
576599
576560
576521
576482
576442
576403
576363
576324
576285
576245
576206
576166
576127
576087
576047
576008
575968
575929
575889
575849
575809
575770
575730
575690
575650
575610
575570
575530
575490
575450
575410
575370
575330
575290
575250
575210
575170
575129
575089
575049
575008
574968
574928
574887
574847
574807
574766
574726
574685
574644
574604
574563
574523
574482
574441
574401
574360
574319
574278
574237
574197
574156
574115
574074
574033
573992
573951
573910
573869
573828
573787
573745
573704
573663
573622
573581
573539
573498
573457
573415
573374
573332
573291
573250
573208
573166
573125
573083
573042
573000
572958
572917
572875
572833
572791
572750
572708
572666
572624
572582
572540
572498
572456
572414
572372
572330
572288
572246
572204
572161
572119
572077
572035
571992
571950
571908
571865
571823
571781
571738
571696
571653
571611
571568
571525
571483
571440
571397
571355
571312
571269
571226
571184
571141
571098
571055
571012
570969
570926
570883
570840
570797
570754
570711
570668
570624
570581
570538
570495
570451
570408
570365
570321
570278
570235
570191
570148
570104
570061
570017
569974
569930
569886
569843
569799
569755
569711
569668
569624
569580
569536
569492
569448
569404
569360
569316
569272
569228
569184
569140
569096
569052
569008
568964
568919
568875
568831
568786
568742
568698
568653
568609
568564
568520
568475
568431
568386
568342
568297
568252
568208
568163
568118
568073
568029
567984
567939
567894
567849
567804
567759
567714
567669
567624
567579
567534
567489
567444
567399
567354
567308
567263
567218
567172
567127
567082
567036
566991
566945
566900
566855
566809
566763
566718
566672
566627
566581
566535
566490
566444
566398
566352
566306
566260
566215
566169
566123
566077
566031
565985
565939
565893
565847
565800
565754
565708
565662
565616
565569
565523
565477
565430
565384
565338
565291
565245
565198
565152
565105
565059
565012
564965
564919
564872
564825
564779
564732
564685
564638
564591
564544
564498
564451
564404
564357
564310
564263
564216
564168
564121
564074
564027
563980
563933
563885
563838
563791
563743
563696
563649
563601
563554
563506
563459
563411
563364
563316
563268
563221
563173
563125
563078
563030
562982
562934
562887
562839
562791
562743
562695
562647
562599
562551
562503
562455
562407
562358
562310
562262
562214
562166
562117
562069
562021
561972
561924
561876
561827
561779
561730
561682
561633
561585
561536
561487
561439
561390
561341
561293
561244
561195
561146
561097
561048
560999
560951
560902
560853
560804
560755
560705
560656
560607
560558
560509
560460
560410
560361
560312
560263
560213
560164
560114
560065
560016
559966
559917
559867
559817
559768
559718
559669
559619
559569
559519
559470
559420
559370
559320
559270
559220
559171
559121
559071
559021
558971
558921
558870
558820
558770
558720
558670
558620
558569
558519
558469
558418
558368
558318
558267
558217
558166
558116
558065
558015
557964
557913
557863
557812
557761
557711
557660
557609
557558
557508
557457
557406
557355
557304
557253
557202
557151
557100
557049
556998
556947
556895
556844
556793
556742
556690
556639
556588
556536
556485
556434
556382
556331
556279
556228
556176
556125
556073
556021
555970
555918
555866
555815
555763
555711
555659
555607
555555
555504
555452
555400
555348
555296
555244
555192
555139
555087
555035
554983
554931
554878
554826
554774
554722
554669
554617
554564
554512
554460
554407
554355
554302
554249
554197
554144
554092
554039
553986
553933
553881
553828
553775
553722
553669
553616
553564
553511
553458
553405
553352
553298
553245
553192
553139
553086
553033
552979
552926
552873
552820
552766
552713
552659
552606
552553
552499
552446
552392
552339
552285
552231
552178
552124
552070
552017
551963
551909
551855
551801
551747
551694
551640
551586
551532
551478
551424
551370
551316
551261
551207
551153
551099
551045
550990
550936
550882
550827
550773
550719
550664
550610
550555
550501
550446
550392
550337
550283
550228
550173
550119
550064
550009
549954
549900
549845
549790
549735
549680
549625
549570
549515
549460
549405
549350
549295
549240
549184
549129
549074
549019
548964
548908
548853
548798
548742
548687
548631
548576
548520
548465
548409
548354
548298
548242
548187
548131
548075
548020
547964
547908
547852
547796
547740
547684
547629
547573
547517
547461
547404
547348
547292
547236
547180
547124
547068
547011
546955
546899
546842
546786
546730
546673
546617
546560
546504
546447
546391
546334
546278
546221
546164
546108
546051
545994
545937
545881
545824
545767
545710
545653
545596
545539
545482
545425
545368
545311
545254
545197
545140
545082
545025
544968
544911
544853
544796
544739
544681
544624
544566
544509
544452
544394
544336
544279
544221
544164
544106
544048
543991
543933
543875
543817
543759
543702
543644
543586
543528
543470
543412
543354
543296
543238
543180
543121
543063
543005
542947
542889
542830
542772
542714
542655
542597
542539
542480
542422
542363
542305
542246
542188
542129
542070
542012
541953
541894
541836
541777
541718
541659
541600
541541
541482
541424
541365
541306
541247
541188
541128
541069
541010
540951
540892
540833
540773
540714
540655
540596
540536
540477
540417
540358
540298
540239
540179
540120
540060
540001
539941
539881
539822
539762
539702
539642
539583
539523
539463
539403
539343
539283
539223
539163
539103
539043
538983
538923
538863
538803
538743
538682
538622
538562
538502
538441
538381
538320
538260
538200
538139
538079
538018
537958
537897
537836
537776
537715
537654
537594
537533
537472
537411
537351
537290
537229
537168
537107
537046
536985
536924
536863
536802
536741
536680
536618
536557
536496
536435
536374
536312
536251
536190
536128
536067
536005
535944
535882
535821
535759
535698
535636
535574
535513
535451
535389
535328
535266
535204
535142
535080
535018
534957
534895
534833
534771
534709
534647
534584
534522
534460
534398
534336
534274
534211
534149
534087
534024
533962
533900
533837
533775
533712
533650
533587
533525
533462
533400
533337
533274
533212
533149
533086
533023
532961
532898
532835
532772
532709
532646
532583
532520
532457
532394
532331
532268
532205
532142
532078
532015
531952
531889
531825
531762
531699
531635
531572
531508
531445
531381
531318
531254
531191
531127
531063
531000
530936
530872
530809
530745
530681
530617
530553
530489
530425
530361
530297
530233
530169
530105
530041
529977
529913
529849
529785
529720
529656
529592
529528
529463
529399
529334
529270
529206
529141
529077
529012
528947
528883
528818
528754
528689
528624
528560
528495
528430
528365
528300
528235
528171
528106
528041
527976
527911
527846
527781
527715
527650
527585
527520
527455
527390
527324
527259
527194
527128
527063
526998
526932
526867
526801
526736
526670
526604
526539
526473
526408
526342
526276
526210
526145
526079
526013
525947
525881
525815
525750
525684
525618
525552
525485
525419
525353
525287
525221
525155
525089
525022
524956
524890
524823
524757
524691
524624
524558
524491
524425
524358
524292
524225
524159
524092
524025
523959
523892
523825
523758
523692
523625
523558
523491
523424
523357
523290
523223
523156
523089
523022
522955
522888
522821
522753
522686
522619
522552
522484
522417
522350
522282
522215
522147
522080
522012
521945
521877
521810
521742
521674
521607
521539
521471
521404
521336
521268
521200
521132
521064
520996
520928
520860
520792
520724
520656
520588
520520
520452
520384
520316
520247
520179
520111
520042
519974
519906
519837
519769
519700
519632
519563
519495
519426
519358
519289
519220
519152
519083
519014
518946
518877
518808
518739
518670
518601
518532
518463
518394
518325
518256
518187
518118
518049
517980
517911
517841
517772
517703
517634
517564
517495
517426
517356
517287
517217
517148
517078
517009
516939
516869
516800
516730
516660
516591
516521
516451
516381
516311
516242
516172
516102
516032
515962
515892
515822
515752
515682
515612
515541
515471
515401
515331
515261
515190
515120
515050
514979
514909
514838
514768
514697
514627
514556
514486
514415
514345
514274
514203
514133
514062
513991
513920
513849
513779
513708
513637
513566
513495
513424
513353
513282
513211
513140
513069
512997
512926
512855
512784
512712
512641
512570
512498
512427
512356
512284
512213
512141
512070
511998
511927
511855
511783
511712
511640
511568
511497
511425
511353
511281
511209
511137
511065
510993
510921
510849
510777
510705
510633
510561
510489
510417
510345
510272
510200
510128
510056
509983
509911
509838
509766
509694
509621
509549
509476
509403
509331
509258
509186
509113
509040
508967
508895
508822
508749
508676
508603
508530
508457
508384
508311
508238
508165
508092
508019
507946
507873
507800
507726
507653
507580
507507
507433
507360
507287
507213
507140
507066
506993
506919
506846
506772
506698
506625
506551
506477
506404
506330
506256
506182
506108
506035
505961
505887
505813
505739
505665
505591
505517
505443
505368
505294
505220
505146
505072
504997
504923
504849
504774
504700
504626
504551
504477
504402
504328
504253
504179
504104
504029
503955
503880
503805
503731
503656
503581
503506
503431
503356
503281
503207
503132
503057
502982
502906
502831
502756
502681
502606
502531
502456
502380
502305
502230
502154
502079
502004
501928
501853
501777
501702
501626
501551
501475
501399
501324
501248
501172
501097
501021
500945
500869
500793
500717
500642
500566
500490
500414
500338
500262
500185
500109
500033
499957
499881
499805
499728
499652
499576
499499
499423
499347
499270
499194
499117
499041
498964
498888
498811
498735
498658
498581
498505
498428
498351
498274
498197
498121
498044
497967
497890
497813
497736
497659
497582
497505
497428
497351
497273
497196
497119
497042
496964
496887
496810
496732
496655
496578
496500
496423
496345
496268
496190
496113
496035
495957
495880
495802
495724
495647
495569
495491
495413
495335
495257
495179
495101
495023
494945
494867
494789
494711
494633
494555
494477
494399
494320
494242
494164
494085
494007
493929
493850
493772
493693
493615
493536
493458
493379
493301
493222
493143
493065
492986
492907
492828
492750
492671
492592
492513
492434
492355
492276
492197
492118
492039
491960
491881
491802
491722
491643
491564
491485
491405
491326
491247
491167
491088
491009
490929
490850
490770
490691
490611
490531
490452
490372
490292
490213
490133
490053
489973
489893
489814
489734
489654
489574
489494
489414
489334
489254
489174
489094
489013
488933
488853
488773
488693
488612
488532
488452
488371
488291
488210
488130
488049
487969
487888
487808
487727
487647
487566
487485
487404
487324
487243
487162
487081
487000
486920
486839
486758
486677
486596
486515
486434
486353
486271
486190
486109
486028
485947
485865
485784
485703
485621
485540
485459
485377
485296
485214
485133
485051
484970
484888
484806
484725
484643
484561
484480
484398
484316
484234
484152
484070
483988
483907
483825
483743
483661
483578
483496
483414
483332
483250
483168
483085
483003
482921
482839
482756
482674
482591
482509
482427
482344
482262
482179
482096
482014
481931
481849
481766
481683
481600
481518
481435
481352
481269
481186
481103
481020
480937
480854
480771
480688
480605
480522
480439
480356
480273
480189
480106
480023
479939
479856
479773
479689
479606
479522
479439
479355
479272
479188
479105
479021
478937
478854
478770
478686
478602
478519
478435
478351
478267
478183
478099
478015
477931
477847
477763
477679
477595
477511
477426
477342
477258
477174
477089
477005
476921
476836
476752
476667
476583
476498
476414
476329
476245
476160
476076
475991
475906
475821
475737
475652
475567
475482
475397
475312
475228
475143
475058
474973
474888
474802
474717
474632
474547
474462
474377
474291
474206
474121
474036
473950
473865
473779
473694
473608
473523
473437
473352
473266
473181
473095
473009
472924
472838
472752
472666
472580
472495
472409
472323
472237
472151
472065
471979
471893
471807
471721
471635
471548
471462
471376
471290
471203
471117
471031
470944
470858
470772
470685
470599
470512
470426
470339
470252
470166
470079
469992
469906
469819
469732
469645
469559
469472
469385
469298
469211
469124
469037
468950
468863
468776
468689
468602
468514
468427
468340
468253
468165
468078
467991
467903
467816
467729
467641
467554
467466
467379
467291
467203
467116
467028
466940
466853
466765
466677
466589
466501
466414
466326
466238
466150
466062
465974
465886
465798
465710
465622
465533
465445
465357
465269
465180
465092
465004
464915
464827
464739
464650
464562
464473
464385
464296
464208
464119
464030
463942
463853
463764
463675
463587
463498
463409
463320
463231
463142
463053
462964
462875
462786
462697
462608
462519
462430
462341
462251
462162
462073
461983
461894
461805
461715
461626
461536
461447
461357
461268
461178
461089
460999
460909
460820
460730
460640
460551
460461
460371
460281
460191
460101
460011
459921
459831
459741
459651
459561
459471
459381
459291
459200
459110
459020
458930
458839
458749
458659
458568
458478
458387
458297
458206
458116
458025
457934
457844
457753
457662
457572
457481
457390
457299
457208
457118
457027
456936
456845
456754
456663
456572
456481
456390
456298
456207
456116
456025
455934
455842
455751
455660
455568
455477
455385
455294
455203
455111
455019
454928
454836
454745
454653
454561
454470
454378
454286
454194
454102
454011
453919
453827
453735
453643
453551
453459
453367
453275
453182
453090
452998
452906
452814
452721
452629
452537
452444
452352
452260
452167
452075
451982
451890
451797
451705
451612
451519
451427
451334
451241
451148
451056
450963
450870
450777
450684
450591
450498
450405
450312
450219
450126
450033
449940
449847
449753
449660
449567
449474
449380
449287
449194
449100
449007
448913
448820
448726
448633
448539
448446
448352
448258
448165
448071
447977
447883
447789
447696
447602
447508
447414
447320
447226
447132
447038
446944
446850
446756
446661
446567
446473
446379
446285
446190
446096
446002
445907
445813
445718
445624
445529
445435
445340
445246
445151
445056
444962
444867
444772
444677
444582
444488
444393
444298
444203
444108
444013
443918
443823
443728
443633
443538
443443
443347
443252
443157
443062
442966
442871
442776
442680
442585
442489
442394
442298
442203
442107
442012
441916
441820
441725
441629
441533
441438
441342
441246
441150
441054
440958
440862
440766
440670
440574
440478
440382
440286
440190
440094
439998
439901
439805
439709
439612
439516
439420
439323
439227
439130
439034
438937
438841
438744
438648
438551
438454
438358
438261
438164
438067
437970
437874
437777
437680
437583
437486
437389
437292
437195
437098
437001
436903
436806
436709
436612
436515
436417
436320
436223
436125
436028
435930
435833
435735
435638
435540
435443
435345
435247
435150
435052
434954
434857
434759
434661
434563
434465
434367
434269
434171
434073
433975
433877
433779
433681
433583
433485
433387
433288
433190
433092
432994
432895
432797
432698
432600
432502
432403
432305
432206
432107
432009
431910
431811
431713
431614
431515
431416
431318
431219
431120
431021
430922
430823
430724
430625
430526
430427
430328
430229
430130
430030
429931
429832
429733
429633
429534
429435
429335
429236
429136
429037
428937
428838
428738
428638
428539
428439
428339
428240
428140
428040
427940
427841
427741
427641
427541
427441
427341
427241
427141
427041
426941
426840
426740
426640
426540
426440
426339
426239
426139
426038
425938
425837
425737
425636
425536
425435
425335
425234
425133
425033
424932
424831
424731
424630
424529
424428
424327
424226
424125
424024
423923
423822
423721
423620
423519
423418
423317
423216
423114
423013
422912
422811
422709
422608
422506
422405
422303
422202
422100
421999
421897
421796
421694
421592
421491
421389
421287
421185
421084
420982
420880
420778
420676
420574
420472
420370
420268
420166
420064
419961
419859
419757
419655
419553
419450
419348
419246
419143
419041
418938
418836
418733
418631
418528
418426
418323
418220
418118
418015
417912
417810
417707
417604
417501
417398
417295
417192
417089
416986
416883
416780
416677
416574
416471
416368
416264
416161
416058
415955
415851
415748
415644
415541
415438
415334
415231
415127
415023
414920
414816
414713
414609
414505
414401
414298
414194
414090
413986
413882
413778
413674
413570
413466
413362
413258
413154
413050
412946
412842
412737
412633
412529
412425
412320
412216
412111
412007
411903
411798
411694
411589
411484
411380
411275
411170
411066
410961
410856
410752
410647
410542
410437
410332
410227
410122
410017
409912
409807
409702
409597
409492
409387
409281
409176
409071
408966
408860
408755
408649
408544
408439
408333
408228
408122
408017
407911
407805
407700
407594
407488
407383
407277
407171
407065
406959
406853
406748
406642
406536
406430
406324
406217
406111
406005
405899
405793
405687
405580
405474
405368
405262
405155
405049
404942
404836
404729
404623
404516
404410
404303
404197
404090
403983
403876
403770
403663
403556
403449
403342
403235
403129
403022
402915
402808
402701
402593
402486
402379
402272
402165
402058
401950
401843
401736
401628
401521
401414
401306
401199
401091
400984
400876
400768
400661
400553
400446
400338
400230
400122
400015
399907
399799
399691
399583
399475
399367
399259
399151
399043
398935
398827
398719
398610
398502
398394
398286
398177
398069
397961
397852
397744
397635
397527
397418
397310
397201
397093
396984
396875
396767
396658
396549
396440
396332
396223
396114
396005
395896
395787
395678
395569
395460
395351
395242
395133
395023
394914
394805
394696
394586
394477
394368
394258
394149
394040
393930
393821
393711
393601
393492
393382
393273
393163
393053
392943
392834
392724
392614
392504
392394
392284
392174
392064
391954
391844
391734
391624
391514
391404
391294
391183
391073
390963
390853
390742
390632
390521
390411
390301
390190
390080
389969
389858
389748
389637
389526
389416
389305
389194
389083
388973
388862
388751
388640
388529
388418
388307
388196
388085
387974
387863
387752
387640
387529
387418
387307
387195
387084
386973
386861
386750
386638
386527
386415
386304
386192
386081
385969
385857
385746
385634
385522
385410
385298
385187
385075
384963
384851
384739
384627
384515
384403
384291
384179
384067
383954
383842
383730
383618
383505
383393
383281
383168
383056
382943
382831
382718
382606
382493
382381
382268
382155
382043
381930
381817
381704
381592
381479
381366
381253
381140
381027
380914
380801
380688
380575
380462
380349
380235
380122
380009
379896
379782
379669
379556
379442
379329
379216
379102
378989
378875
378761
378648
378534
378421
378307
378193
378079
377966
377852
377738
377624
377510
377396
377282
377168
377054
376940
376826
376712
376598
376484
376369
376255
376141
376027
375912
375798
375684
375569
375455
375340
375226
375111
374997
374882
374767
374653
374538
374423
374309
374194
374079
373964
373849
373734
373620
373505
373390
373275
373159
373044
372929
372814
372699
372584
372469
372353
372238
372123
372007
371892
371776
371661
371546
371430
371315
371199
371083
370968
370852
370736
370621
370505
370389
370273
370157
370042
369926
369810
369694
369578
369462
369346
369230
369114
368997
368881
368765
368649
368533
368416
368300
368184
368067
367951
367834
367718
367601
367485
367368
367252
367135
367018
366902
366785
366668
366551
366435
366318
366201
366084
365967
365850
365733
365616
365499
365382
365265
365148
365030
364913
364796
364679
364561
364444
364327
364209
364092
363974
363857
363739
363622
363504
363387
363269
363151
363034
362916
362798
362680
362563
362445
362327
362209
362091
361973
361855
361737
361619
361501
361383
361265
361146
361028
360910
360792
360673
360555
360437
360318
360200
360081
359963
359844
359726
359607
359489
359370
359251
359133
359014
358895
358776
358657
358539
358420
358301
358182
358063
357944
357825
357706
357587
357468
357348
357229
357110
356991
356871
356752
356633
356513
356394
356275
356155
356036
355916
355796
355677
355557
355438
355318
355198
355078
354959
354839
354719
354599
354479
354359
354239
354119
353999
353879
353759
353639
353519
353399
353279
353158
353038
352918
352798
352677
352557
352436
352316
352195
352075
351954
351834
351713
351593
351472
351351
351231
351110
350989
350868
350747
350626
350506
350385
350264
350143
350022
349901
349779
349658
349537
349416
349295
349174
349052
348931
348810
348688
348567
348445
348324
348202
348081
347959
347838
347716
347595
347473
347351
347229
347108
346986
346864
346742
346620
346498
346376
346254
346132
346010
345888
345766
345644
345522
345400
345277
345155
345033
344911
344788
344666
344543
344421
344299
344176
344054
343931
343808
343686
343563
343440
343318
343195
343072
342949
342826
342704
342581
342458
342335
342212
342089
341966
341843
341719
341596
341473
341350
341227
341103
340980
340857
340733
340610
340487
340363
340240
340116
339993
339869
339745
339622
339498
339374
339251
339127
339003
338879
338755
338631
338507
338384
338260
338135
338011
337887
337763
337639
337515
337391
337267
337142
337018
336894
336769
336645
336520
336396
336272
336147
336022
335898
335773
335649
335524
335399
335275
335150
335025
334900
334775
334650
334526
334401
334276
334151
334026
333901
333775
333650
333525
333400
333275
333149
333024
332899
332774
332648
332523
332397
332272
332146
332021
331895
331770
331644
331518
331393
331267
331141
331015
330890
330764
330638
330512
330386
330260
330134
330008
329882
329756
329630
329504
329377
329251
329125
328999
328872
328746
328620
328493
328367
328240
328114
327987
327861
327734
327608
327481
327354
327228
327101
326974
326847
326720
326594
326467
326340
326213
326086
325959
325832
325705
325577
325450
325323
325196
325069
324941
324814
324687
324559
324432
324305
324177
324050
323922
323795
323667
323539
323412
323284
323156
323029
322901
322773
322645
322517
322389
322262
322134
322006
321878
321750
321621
321493
321365
321237
321109
320981
320852
320724
320596
320467
320339
320210
320082
319954
319825
319696
319568
319439
319311
319182
319053
318925
318796
318667
318538
318409
318280
318151
318023
317894
317765
317635
317506
317377
317248
317119
316990
316861
316731
316602
316473
316343
316214
316084
315955
315826
315696
315566
315437
315307
315178
315048
314918
314788
314659
314529
314399
314269
314139
314009
313879
313749
313619
313489
313359
313229
313099
312969
312839
312708
312578
312448
312318
312187
312057
311926
311796
311665
311535
311404
311274
311143
311013
310882
310751
310620
310490
310359
310228
310097
309966
309835
309704
309573
309442
309311
309180
309049
308918
308787
308656
308524
308393
308262
308130
307999
307868
307736
307605
307473
307342
307210
307079
306947
306815
306684
306552
306420
306288
306157
306025
305893
305761
305629
305497
305365
305233
305101
304969
304837
304705
304573
304440
304308
304176
304043
303911
303779
303646
303514
303381
303249
303116
302984
302851
302719
302586
302453
302321
302188
302055
301922
301789
301657
301524
301391
301258
301125
300992
300859
300726
300592
300459
300326
300193
300060
299926
299793
299660
299526
299393
299259
299126
298992
298859
298725
298592
298458
298324
298191
298057
297923
297789
297656
297522
297388
297254
297120
296986
296852
296718
296584
296450
296316
296182
296047
295913
295779
295645
295510
295376
295241
295107
294973
294838
294704
294569
294434
294300
294165
294031
293896
293761
293626
293492
293357
293222
293087
292952
292817
292682
292547
292412
292277
292142
292007
291871
291736
291601
291466
291330
291195
291060
290924
290789
290653
290518
290382
290247
290111
289976
289840
289704
289569
289433
289297
289161
289025
288889
288754
288618
288482
288346
288210
288074
287937
287801
287665
287529
287393
287256
287120
286984
286848
286711
286575
286438
286302
286165
286029
285892
285756
285619
285482
285346
285209
285072
284935
284798
284662
284525
284388
284251
284114
283977
283840
283703
283565
283428
283291
283154
283017
282879
282742
282605
282467
282330
282193
282055
281918
281780
281642
281505
281367
281230
281092
280954
280816
280679
280541
280403
280265
280127
279989
279851
279713
279575
279437
279299
279161
279023
278885
278746
278608
278470
278331
278193
278055
277916
277778
277639
277501
277362
277224
277085
276946
276808
276669
276530
276391
276253
276114
275975
275836
275697
275558
275419
275280
275141
275002
274863
274724
274585
274445
274306
274167
274027
273888
273749
273609
273470
273330
273191
273051
272912
272772
272633
272493
272353
272213
272074
271934
271794
271654
271514
271374
271234
271094
270954
270814
270674
270534
270394
270254
270114
269973
269833
269693
269552
269412
269272
269131
268991
268850
268710
268569
268428
268288
268147
268007
267866
267725
267584
267443
267303
267162
267021
266880
266739
266598
266457
266316
266175
266033
265892
265751
265610
265469
265327
265186
265044
264903
264762
264620
264479
264337
264196
264054
263912
263771
263629
263487
263346
263204
263062
262920
262778
262636
262494
262352
262210
262068
261926
261784
261642
261500
261358
261215
261073
260931
260788
260646
260504
260361
260219
260076
259934
259791
259649
259506
259363
259221
259078
258935
258792
258650
258507
258364
258221
258078
257935
257792
257649
257506
257363
257220
257076
256933
256790
256647
256503
256360
256217
256073
255930
255786
255643
255499
255356
255212
255069
254925
254781
254638
254494
254350
254206
254062
253918
253775
253631
253487
253343
253199
253054
252910
252766
252622
252478
252334
252189
252045
251901
251756
251612
251467
251323
251179
251034
250889
250745
250600
250456
250311
250166
250021
249877
249732
249587
249442
249297
249152
249007
248862
248717
248572
248427
248282
248137
247991
247846
247701
247556
247410
247265
247119
246974
246829
246683
246537
246392
246246
246101
245955
245809
245664
245518
245372
245226
245080
244934
244788
244643
244497
244351
244204
244058
243912
243766
243620
243474
243327
243181
243035
242889
242742
242596
242449
242303
242156
242010
241863
241717
241570
241423
241277
241130
240983
240836
240689
240542
240396
240249
240102
239955
239808
239661
239514
239366
239219
239072
238925
238778
238630
238483
238336
238188
238041
237893
237746
237598
237451
237303
237156
237008
236860
236712
236565
236417
236269
236121
235973
235825
235678
235530
235382
235233
235085
234937
234789
234641
234493
234345
234196
234048
233900
233751
233603
233454
233306
233157
233009
232860
232712
232563
232414
232266
232117
231968
231819
231671
231522
231373
231224
231075
230926
230777
230628
230479
230330
230181
230031
229882
229733
229584
229434
229285
229136
228986
228837
228687
228538
228388
228239
228089
227939
227790
227640
227490
227340
227191
227041
226891
226741
226591
226441
226291
226141
225991
225841
225691
225540
225390
225240
225090
224939
224789
224639
224488
224338
224187
224037
223886
223736
223585
223435
223284
223133
222982
222832
222681
222530
222379
222228
222077
221926
221775
221624
221473
221322
221171
221020
220869
220718
220566
220415
220264
220112
219961
219810
219658
219507
219355
219204
219052
218900
218749
218597
218445
218293
218142
217990
217838
217686
217534
217382
217230
217078
216926
216774
216622
216470
216318
216165
216013
215861
215709
215556
215404
215252
215099
214947
214794
214642
214489
214336
214184
214031
213878
213726
213573
213420
213267
213114
212961
212808
212655
212502
212349
212196
212043
211890
211737
211584
211430
211277
211124
210971
210817
210664
210510
210357
210203
210050
209896
209743
209589
209435
209282
209128
208974
208820
208666
208513
208359
208205
208051
207897
207743
207589
207435
207280
207126
206972
206818
206664
206509
206355
206201
206046
205892
205737
205583
205428
205274
205119
204964
204810
204655
204500
204346
204191
204036
203881
203726
203571
203416
203261
203106
202951
202796
202641
202486
202331
202175
202020
201865
201710
201554
201399
201243
201088
200932
200777
200621
200466
200310
200154
199999
199843
199687
199531
199376
199220
199064
198908
198752
198596
198440
198284
198128
197972
197815
197659
197503
197347
197190
197034
196878
196721
196565
196408
196252
196095
195939
195782
195626
195469
195312
195156
194999
194842
194685
194528
194371
194214
194058
193901
193743
193586
193429
193272
193115
192958
192801
192643
192486
192329
192171
192014
191856
191699
191542
191384
191226
191069
190911
190754
190596
190438
190280
190123
189965
189807
189649
189491
189333
189175
189017
188859
188701
188543
188385
188226
188068
187910
187751
187593
187435
187276
187118
186959
186801
186642
186484
186325
186167
186008
185849
185690
185532
185373
185214
185055
184896
184737
184578
184419
184260
184101
183942
183783
183624
183465
183305
183146
182987
182827
182668
182509
182349
182190
182030
181871
181711
181551
181392
181232
181072
180913
180753
180593
180433
180273
180113
179953
179793
179633
179473
179313
179153
178993
178833
178673
178512
178352
178192
178031
177871
177711
177550
177390
177229
177069
176908
176747
176587
176426
176265
176105
175944
175783
175622
175461
175300
175139
174978
174817
174656
174495
174334
174173
174012
173850
173689
173528
173366
173205
173044
172882
172721
172559
172398
172236
172075
171913
171751
171590
171428
171266
171104
170942
170780
170619
170457
170295
170133
169971
169808
169646
169484
169322
169160
168998
168835
168673
168511
168348
168186
168023
167861
167698
167536
167373
167211
167048
166885
166723
166560
166397
166234
166071
165908
165745
165583
165420
165257
165093
164930
164767
164604
164441
164278
164114
163951
163788
163624
163461
163298
163134
162971
162807
162643
162480
162316
162152
161989
161825
161661
161497
161334
161170
161006
160842
160678
160514
160350
160186
160022
159857
159693
159529
159365
159201
159037
158873
158709
158545
158381
158217
158053
157889
157726
157562
157398
157234
157070
156907
156743
156579
156415
156252
156088
155924
155761
155597
155434
155270
155107
154943
154780
154616
154453
154289
154126
153963
153799
153636
153473
153310
153146
152983
152820
152657
152494
152330
152167
152004
151841
151678
151515
151352
151189
151026
150863
150700
150538
150375
150212
150049
149886
149723
149561
149398
149235
149073
148910
148747
148585
148422
148260
148097
147935
147772
147610
147447
147285
147122
146960
146798
146635
146473
146311
146148
145986
145824
145662
145499
145337
145175
145013
144851
144689
144527
144365
144203
144041
143879
143717
143555
143393
143231
143070
142908
142746
142584
142423
142261
142099
141937
141776
141614
141453
141291
141130
140968
140806
140645
140484
140322
140161
139999
139838
139677
139515
139354
139193
139031
138870
138709
138548
138387
138226
138065
137903
137742
137581
137420
137259
137098
136937
136777
136616
136455
136294
136133
135972
135812
135651
135490
135329
135169
135008
134847
134687
134526
134366
134205
134045
133884
133724
133563
133403
133242
133082
132922
132761
132601
132441
132281
132120
131960
131800
131640
131480
131320
131159
130999
130839
130679
130519
130359
130199
130040
129880
129720
129560
129400
129240
129081
128921
128761
128601
128442
128282
128122
127963
127803
127644
127484
127325
127165
127006
126846
126687
126528
126368
126209
126050
125890
125731
125572
125413
125253
125094
124935
124776
124617
124458
124299
124140
123981
123822
123663
123504
123345
123186
123027
122869
122710
122551
122392
122234
122075
121916
121758
121599
121440
121282
121123
120965
120806
120648
120489
120331
120173
120014
119856
119698
119539
119381
119223
119064
118906
118748
118590
118432
118274
118116
117958
117800
117642
117484
117326
117168
117010
116852
116694
116536
116379
116221
116063
115905
115748
115590
115432
115275
115117
114960
114802
114645
114487
114330
114172
114015
113857
113700
113543
113385
113228
113071
112914
112756
112599
112442
112285
112128
111971
111814
111657
111500
111343
111186
111029
110872
110715
110558
110402
110245
110088
109931
109774
109618
109461
109305
109148
108991
108835
108678
108522
108365
108209
108052
107896
107740
107583
107427
107271
107114
106958
106802
106646
106489
106333
106177
106021
105865
105709
105553
105397
105241
105085
104929
104773
104618
104462
104306
104150
103994
103839
103683
103527
103372
103216
103060
102905
102749
102594
102438
102283
102128
101972
101817
101661
101506
101351
101196
101040
100885
100730
100575
100420
100265
100109
99954.4
99799.4
99644.4
99489.4
99334.5
99179.6
99024.7
98869.8
98715
98560.2
98405.4
98250.6
98095.9
97941.2
97786.6
97631.9
97477.3
97322.7
97168.1
97013.6
96859.1
96704.6
96550.2
96395.8
96241.4
96087
95932.7
95778.3
95624.1
95469.8
95315.6
95161.4
95007.2
94853
94698.9
94544.8
94390.8
94236.7
94082.7
93928.7
93774.8
93620.9
93467
93313.1
93159.3
93005.4
92851.7
92697.9
92544.2
92390.5
92236.8
92083.2
91929.5
91775.9
91622.4
91468.9
91315.4
91161.9
91008.4
90855
90701.6
90548.3
90394.9
90241.6
90088.3
89935.1
89781.9
89628.7
89475.5
89322.4
89169.3
89016.2
88863.2
88710.1
88557.2
88404.2
88251.3
88098.4
87945.5
87792.6
87639.8
87487
87334.3
87181.5
87028.8
86876.2
86723.5
86570.9
86418.3
86265.8
86113.2
85960.7
85808.3
85655.8
85503.4
85351.1
85198.7
85046.4
84894.1
84741.8
84589.6
84437.4
84285.2
84133.1
83981
83828.9
83676.8
83524.8
83372.8
83220.9
83068.9
82917
82765.1
82613.3
82461.5
82309.7
82158
82006.2
81854.5
81702.9
81551.3
81399.7
81248.1
81096.5
80945
80793.6
80642.1
80490.7
80339.3
80188
80036.6
79885.3
79734.1
79582.8
79431.6
79280.5
79129.3
78978.2
78827.2
78676.1
78525.1
78374.1
78223.2
78072.3
77921.4
77770.5
77619.7
77468.9
77318.1
77167.4
77016.7
76866
76715.4
76564.8
76414.3
76263.7
76113.2
75962.7
75812.3
75661.9
75511.5
75361.2
75210.9
75060.6
74910.4
74760.2
74610
74459.8
74309.7
74159.6
74009.6
73859.6
73709.6
73559.7
73409.8
73259.9
73110
72960.2
72810.5
72660.7
72511
72361.3
72211.7
72062.1
71912.5
71763
71613.5
71464
71314.6
71165.2
71015.8
70866.5
70717.2
70567.9
70418.7
70269.5
70120.4
69971.3
69822.2
69673.1
69524.1
69375.1
69226.2
69077.3
68928.4
68779.6
68630.8
68482
68333.3
68184.6
68036
67887.4
67738.8
67590.3
67441.8
67293.3
67144.9
66996.5
66848.2
66699.8
66551.6
66403.3
66255.1
66107
65958.9
65810.8
65662.7
65514.7
65366.8
65218.8
65070.9
64923.1
64775.3
64627.5
64479.8
64332.1
64184.5
64036.9
63889.3
63741.8
63594.3
63446.8
63299.4
63152.1
63004.7
62857.4
62710.2
62563
62415.9
62268.7
62121.7
61974.6
61827.7
61680.7
61533.8
61387
61240.1
61093.4
60946.6
60800
60653.3
60506.7
60360.2
60213.7
60067.2
59920.8
59774.4
59628.1
59481.8
59335.6
59189.4
59043.3
58897.2
58751.1
58605.1
58459.2
58313.3
58167.4
58021.6
57875.9
57730.1
57584.5
57438.9
57293.3
57147.8
57002.3
56856.9
56711.6
56566.2
56421
56275.8
56130.6
55985.5
55840.4
55695.4
55550.5
55405.6
55260.7
55115.9
54971.2
54826.5
54681.9
54537.3
54392.8
54248.3
54103.9
53959.5
53815.2
53671
53526.8
53382.7
53238.6
53094.6
52950.7
52806.8
52662.9
52519.1
52375.4
52231.8
52088.2
51944.6
51801.2
51657.7
51514.4
51371.1
51227.9
51084.7
50941.6
50798.6
50655.6
50512.7
50369.9
50227.1
50084.4
49941.7
49799.2
49656.7
49514.2
49371.8
49229.5
49087.3
48945.1
48803.1
48661
48519.1
48377.2
48235.4
48093.7
47952
47810.4
47668.9
47527.5
47386.1
47244.8
47103.6
46962.5
46821.4
46680.5
46539.6
46398.7
46258
46117.4
45976.8
45836.3
45695.9
45555.6
45415.3
45275.2
45135.1
44995.1
44855.2
44715.4
44575.6
44436
44296.5
44157
44017.6
43878.4
43739.2
43600.1
43461.1
43322.2
43183.3
43044.6
42906
42767.5
42629.1
42490.7
42352.5
42214.4
42076.3
41938.4
41800.6
41662.9
41525.2
41387.7
41250.3
41113
40975.8
40838.7
40701.8
40564.9
40428.1
40291.5
40155
40018.5
39882.2
39746.1
39610
39474
39338.2
39202.5
39066.9
38931.4
38796
38660.8
38525.7
38390.7
38255.9
38121.1
37986.5
37852
37717.7
37583.5
37449.4
37315.5
37181.6
37048
36914.4
36781
36647.8
36514.6
36381.6
36248.8
36116.1
35983.5
35851.1
35718.9
35586.8
35454.8
35323
35191.3
35059.8
34928.4
34797.2
34666.2
34535.3
34404.6
34274
34143.6
34013.3
33883.2
33753.3
33623.6
33494
33364.6
33235.3
33106.2
32977.3
32848.6
32720.1
32591.7
32463.5
32335.5
32207.6
32080
31952.5
31825.2
31698.1
31571.2
31444.5
31317.9
31191.6
31065.4
30939.5
30813.7
30688.1
30562.8
30437.6
30312.6
30187.9
30063.3
29939
29814.8
29690.9
29567.2
29443.7
29320.4
29197.3
29074.4
28951.8
28829.4
28707.1
28585.2
28463.4
28341.9
28220.6
28099.5
27978.6
27858
27737.6
27617.4
27497.5
27377.8
27258.4
27139.2
27020.2
26901.5
26783
26664.8
26546.8
26429.1
26311.6
26194.4
26077.4
25960.7
25844.2
25728
25612.1
25496.4
25380.9
25265.8
25150.9
25036.3
24921.9
24807.8
24694
24580.4
24467.1
24354.1
24241.4
24129
24016.8
23904.9
23793.3
23682
23570.9
23460.2
23349.7
23239.5
23129.6
23020.1
22910.7
22801.7
22693
22584.6
22476.5
22368.7
22261.1
22153.9
22047
21940.4
21834.1
21728.1
21622.4
21517
21411.9
21307.1
21202.7
21098.5
20994.7
20891.2
20788
20685.1
20582.5
20480.3
20378.4
20276.8
20175.5
20074.5
19973.9
19873.6
19773.6
19673.9
19574.6
19475.6
19376.9
19278.6
19180.6
19082.9
18985.5
18888.5
18791.8
18695.5
18599.5
18503.8
18408.4
18313.4
18218.8
18124.4
18030.4
17936.8
17843.5
17750.5
17657.8
17565.5
17473.6
17382
17290.7
17199.8
17109.2
17018.9
16929
16839.5
16750.3
16661.4
16572.9
16484.7
16396.9
16309.4
16222.2
16135.4
16049
15962.9
15877.1
15791.7
15706.6
15621.9
15537.5
15453.5
15369.8
15286.5
15203.5
15120.8
15038.5
14956.6
14874.9
14793.7
14712.7
14632.2
14551.9
14472
14392.5
14313.3
14234.4
14155.9
14077.7
13999.8
13922.4
13845.2
13768.4
13691.9
13615.8
13540
13464.5
13389.4
13314.6
13240.2
13166.1
13092.3
13018.8
12945.7
12873
12800.5
12728.4
12656.7
12585.2
12514.1
12443.3
12372.9
12302.8
12233
12163.5
12094.4
12025.6
11957.1
11888.9
11821.1
11753.6
11686.4
11619.5
11553
11486.7
11420.8
11355.2
11289.9
11225
11160.3
11096
11031.9
10968.2
10904.8
10841.7
10778.9
10716.5
10654.3
10592.4
10530.9
10469.6
10408.7
10348
10287.6
10227.6
10167.8
10108.4
10049.2
9990.36
9931.79
9873.52
9815.53
9757.84
9700.44
9643.32
9586.49
9529.95
9473.7
9417.73
9362.04
9306.64
9251.51
9196.67
9142.1
9087.81
9033.8
8980.07
8926.6
8873.42
8820.5
8767.85
8715.47
8663.37
8611.52
8559.95
8508.64
8457.59
8406.81
8356.28
8306.02
8256.02
8206.27
8156.78
8107.55
8058.57
8009.84
7961.37
7913.15
7865.18
7817.45
7769.98
7722.75
7675.76
7629.02
7582.52
7536.26
7490.25
7444.47
7398.93
7353.63
7308.57
7263.74
7219.14
7174.77
7130.64
7086.74
7043.06
6999.62
6956.4
6913.41
6870.64
6828.09
6785.77
6743.67
6701.79
6660.13
6618.69
6577.46
6536.45
6495.65
6455.07
6414.7
6374.54
6334.59
6294.85
6255.32
6216
6176.88
6137.97
6099.26
6060.75
6022.45
5984.35
5946.45
5908.74
5871.24
5833.93
5796.81
5759.89
5723.17
5686.63
5650.29
5614.14
5578.18
5542.41
5506.83
5471.43
5436.22
5401.19
5366.35
5331.69
5297.21
5262.91
5228.8
5194.86
5161.1
5127.51
5094.11
5060.88
5027.82
4994.94
4962.23
4929.69
4897.32
4865.12
4833.09
4801.23
4769.54
4738.01
4706.65
4675.45
4644.41
4613.54
4582.83
4552.29
4521.9
4491.67
4461.6
4431.69
4401.94
4372.34
4342.89
4313.61
4284.47
4255.49
4226.66
4197.98
4169.45
4141.08
4112.85
4084.77
4056.83
4029.05
4001.41
3973.91
3946.56
3919.35
3892.29
3865.37
3838.59
3811.95
3785.45
3759.09
3732.87
3706.78
3680.83
3655.02
3629.35
3603.81
3578.41
3553.13
3528
3502.99
3478.12
3453.37
3428.76
3404.28
3379.92
3355.7
3331.6
3307.63
3283.78
3260.07
3236.47
3213
3189.66
3166.44
3143.34
3120.36
3097.51
3074.78
3052.16
3029.67
3007.29
2985.04
2962.9
2940.88
2918.98
2897.19
2875.52
2853.96
2832.52
2811.19
2789.98
2768.88
2747.89
2727.01
2706.24
2685.59
2665.04
2644.61
2624.28
2604.07
2583.96
2563.96
2544.07
2524.28
2504.6
2485.02
2465.55
2446.19
2426.93
2407.77
2388.72
2369.77
2350.92
2332.17
2313.53
2294.99
2276.54
2258.2
2239.96
2221.81
2203.77
2185.82
2167.97
2150.22
2132.56
2115
2097.54
2080.17
2062.9
2045.72
2028.64
2011.65
1994.76
1977.96
1961.25
1944.63
1928.11
1911.68
1895.34
1879.09
1862.93
1846.86
1830.88
1814.99
1799.19
1783.47
1767.85
1752.31
1736.86
1721.5
1706.23
1691.04
1675.94
1660.92
1645.99
1631.14
1616.38
1601.7
1587.11
1572.6
1558.18
1543.83
1529.57
1515.4
1501.3
1487.29
1473.35
1459.5
1445.73
1432.04
1418.43
1404.91
1391.46
1378.09
1364.79
1351.58
1338.45
1325.39
1312.41
1299.51
1286.69
1273.94
1261.27
1248.68
1236.17
1223.72
1211.36
1199.07
1186.86
1174.72
1162.65
1150.66
1138.75
1126.9
1115.13
1103.44
1091.82
1080.27
1068.79
1057.39
1046.05
1034.79
1023.6
1012.49
1001.44
990.465
979.561
968.727
957.963
947.27
936.646
926.092
915.608
905.192
894.846
884.568
874.359
864.219
854.146
844.142
834.205
824.336
814.534
804.8
795.132
785.531
775.997
766.529
757.127
747.791
738.522
729.318
720.179
711.106
702.097
693.154
684.276
675.462
666.712
658.027
649.406
640.849
632.355
623.925
615.559
607.256
599.016
590.839
582.725
574.674
566.685
558.758
550.894
543.091
535.351
527.672
520.055
512.5
505.006
497.573
490.201
482.89
475.64
468.451
461.322
454.253
447.245
440.297
433.41
426.582
419.813
413.105
406.456
399.867
393.337
386.866
380.454
374.101
367.807
361.572
355.396
349.278
343.218
337.217
331.274
325.39
319.563
313.794
308.084
302.431
296.835
291.297
285.817
280.394
275.029
269.72
264.469
259.275
254.137
249.057
244.033
239.067
234.156
229.303
224.506
219.765
215.081
210.453
205.881
201.365
196.905
192.502
188.154
183.862
179.626
175.446
171.321
167.252
163.239
159.281
155.379
151.532
147.74
144.004
140.323
136.697
133.127
129.611
126.151
122.745
119.395
116.099
112.859
109.673
106.542
103.466
100.445
97.478
94.5661
91.7088
88.9062
86.1582
83.4648
80.8259
78.2415
75.7117
73.2363
70.8154
68.4489
66.1369
63.8792
61.676
59.5271
57.4326
55.3924
53.4065
51.475
49.5978
47.7749
46.0064
44.2921
42.6321
41.0264
39.475
37.9779
36.5351
35.1465
33.8123
32.5324
31.3068
30.1355
29.0186
27.956
26.9477
25.9938
25.0943
24.2492
23.4585
22.7222
22.0404
21.4131
20.8402
20.3218
19.858
19.4488
19.0941
18.7941
18.5487
18.358
18.1782
18.0005
17.824
17.6488
17.4748
17.302
17.1304
16.9601
16.7909
16.623
16.4562
16.2906
16.1261
15.9628
15.8007
15.6397
15.4798
15.321
15.1634
15.0069
14.8514
14.6971
14.5438
14.3917
14.2406
14.0905
13.9415
13.7936
13.6467
13.5008
13.3559
13.2121
13.0693
12.9274
12.7866
12.6468
12.5079
12.3701
12.2332
12.0972
11.9622
11.8282
11.6951
11.5629
11.4317
11.3014
11.172
11.0435
10.9159
10.7892
10.6634
10.5385
10.4144
10.2913
10.169
10.0475
9.92692
9.80717
9.68827
9.5702
9.45296
9.33655
9.22095
9.10617
8.99219
8.87901
8.76663
8.65504
8.54423
8.43419
8.32494
8.21645
8.10872
8.00175
7.89553
7.79005
7.68532
7.58132
7.47806
7.37551
7.27369
7.17259
7.07219
6.9725
6.87351
6.77522
6.67762
6.5807
6.48446
6.3889
6.29401
6.19978
6.10622
6.01332
5.92107
5.82946
5.7385
5.64818
5.55849
5.46944
5.38101
5.2932
5.206
5.11942
5.03345
4.94808
4.86331
4.77914
4.69556
4.61256
4.53015
4.44832
4.36706
4.28637
4.20625
4.12669
4.04769
3.96925
3.89136
3.81401
3.73721
3.66095
3.58522
3.51002
3.43536
3.36121
3.28759
3.21449
3.14189
3.06981
2.99824
2.92717
2.85659
2.78652
2.71693
2.64783
2.57922
2.51109
2.44344
2.37627
2.30957
2.24333
2.17756
2.11225
2.0474
1.98301
1.91907
1.85558
1.79253
1.72993
1.66777
1.60604
1.54475
1.48388
1.42345
1.36344
1.30385
1.24468
1.18592
1.12758
1.06965
1.01212
0.955002
0.898282
0.84196
0.786034
0.730501
0.675357
0.620602
0.56623
0.512241
0.45863
