6948.07
6948.07
6948.07
6948.07
6948.07
6948.07
6948.07
6948.07
6948.07
6948.07
6948.07
6948.07
6948.07
6948.07
6948.07
6948.07
6948.07
6948.07
6948.07
6948.07
6948.07
6948.07
6948.08
6948.08
6948.08
6948.08
6948.08
6948.08
6948.08
6948.08
6948.08
6948.08
6948.08
6948.08
6948.08
6948.08
6948.08
6948.08
6948.08
6948.08
6948.08
6948.08
6948.08
6948.08
6948.08
6948.08
6948.08
6948.08
6948.08
6948.08
6948.08
6948.08
6948.08
6948.08
6948.08
6948.08
6948.08
6948.08
6948.08
6948.08
6948.08
6948.08
6948.08
6948.08
6948.08
6948.08
6948.08
6948.08
6948.08
6948.08
6948.08
6948.08
6948.08
6948.08
6948.08
6948.08
6948.08
6948.08
6948.08
6948.08
6948.08
6948.08
6948.08
6948.08
6948.08
6948.08
6948.08
6948.08
6948.08
6948.08
6948.08
6948.08
6948.08
6948.08
6948.08
6948.08
6948.08
6948.09
6948.09
6948.09
6948.09
6948.09
6948.09
6948.09
6948.09
6948.09
