0.268963
0.268963
0.537926
0.806889
1.07585
1.34482
1.61378
1.88274
2.15171
2.42067
2.68963
2.95859
3.22756
3.49652
3.76549
4.03445
4.30341
4.57238
4.84134
5.1103
5.37927
5.64823
5.91719
6.18616
6.45512
6.72409
6.99305
7.26202
7.53098
7.79994
8.06891
8.33787
8.60684
8.8758
9.14477
9.41373
9.6827
9.95167
10.2206
10.4896
10.7586
11.0275
11.2965
11.5655
11.8344
12.1034
12.3724
12.6413
12.9103
13.1793
13.4482
13.7172
13.9862
14.2551
14.5241
14.7931
15.062
15.331
15.6
15.8689
16.1379
16.4069
16.6759
16.9448
17.2138
17.4828
17.7517
18.0207
18.2897
18.5587
18.8276
19.0966
19.3656
19.6345
19.9035
20.1725
20.4415
20.7104
20.9794
21.2484
21.5174
21.7863
22.0553
22.3243
22.5933
22.8622
23.1312
23.4002
23.6692
23.9381
24.2071
24.4761
24.7451
25.0141
25.283
25.552
25.821
26.09
26.359
26.6279
26.8969
27.1659
27.4349
27.7039
27.9728
28.2418
28.5108
28.7798
29.0488
29.3178
29.5867
29.8557
30.1247
30.3937
30.6627
30.9317
31.2007
31.4697
31.7386
32.0076
32.2766
32.5456
32.8146
33.0836
33.3526
33.6216
33.8906
34.1596
34.4285
34.6975
34.9665
35.2355
35.5045
35.7735
36.0425
36.3115
36.5805
36.8495
37.1185
37.3875
37.6565
37.9255
38.1945
38.4635
38.7325
39.0015
39.2705
39.5395
39.8085
40.0775
40.3465
40.6155
40.8845
41.1535
41.4225
41.6915
41.9605
42.2295
42.4986
42.7676
43.0366
43.3056
43.5746
43.8436
44.1126
44.3816
44.6506
44.9197
45.1887
45.4577
45.7267
45.9957
46.2647
46.5337
46.8028
47.0718
47.3408
47.6098
47.8788
48.1479
48.4169
48.6859
48.9549
49.224
49.493
49.762
50.031
50.3001
50.5691
50.8381
51.1071
51.3762
51.6452
51.9142
52.1833
52.4523
52.7213
52.9904
53.2594
53.5284
53.7975
54.0665
54.3355
54.6046
54.8736
55.1426
55.4117
55.6807
55.9498
56.2188
56.4878
56.7569
57.0259
57.295
57.564
57.8331
58.1021
58.3712
58.6402
58.9093
59.1783
59.4474
59.7164
59.9855
60.2545
60.5236
60.7926
61.0617
61.3307
61.5998
61.8689
62.1379
62.407
62.676
62.9451
63.2142
63.4832
63.7523
64.0214
64.2904
64.5595
64.8286
65.0976
65.3667
65.6358
65.9048
66.1739
66.443
66.7121
66.9811
67.2502
67.5193
67.7884
68.0575
68.3265
68.5956
68.8647
69.1338
69.4029
69.6719
69.941
70.2101
70.4792
70.7483
71.0174
71.2865
71.5556
71.8247
72.0937
72.3628
72.6319
72.901
73.1701
73.4392
73.7083
73.9774
74.2465
74.5156
74.7847
75.0538
75.3229
75.592
75.8611
76.1303
76.3994
76.6685
76.9376
77.2067
77.4758
77.7449
78.014
78.2832
78.5523
78.8214
79.0905
79.3596
79.6288
79.8979
80.167
80.4361
80.7052
80.9744
81.2435
81.5126
81.7818
82.0509
82.32
82.5892
82.8583
83.1274
83.3966
83.6657
83.9348
84.204
84.4731
84.7423
85.0114
85.2806
85.5497
85.8188
86.088
86.3571
86.6263
86.8954
87.1646
87.4338
87.7029
87.9721
88.2412
88.5104
88.7795
89.0487
89.3179
89.587
89.8562
90.1254
90.3945
90.6637
90.9329
91.202
91.4712
91.7404
92.0096
92.2787
92.5479
92.8171
93.0863
93.3555
93.6246
93.8938
94.163
94.4322
94.7014
94.9706
95.2398
95.5089
95.7781
96.0473
96.3165
96.5857
96.8549
97.1241
97.3933
97.6625
97.9317
98.2009
98.4701
98.7393
99.0085
99.2778
99.547
99.8162
100.085
100.355
100.624
100.893
101.162
101.431
101.701
101.97
102.239
102.508
102.778
103.047
103.316
103.585
103.855
104.124
104.393
104.662
104.931
105.201
105.47
105.739
106.008
106.278
106.547
106.816
107.085
107.355
107.624
107.893
108.162
108.432
108.701
108.97
109.239
109.509
109.778
110.047
110.317
110.586
110.855
111.124
111.394
111.663
111.932
112.201
112.471
112.74
113.009
113.279
113.548
113.817
114.086
114.356
114.625
114.894
115.164
115.433
115.702
115.972
116.241
116.51
116.779
117.049
117.318
117.587
117.857
118.126
118.395
118.665
118.934
119.203
119.473
119.742
120.011
120.281
120.55
120.819
121.088
121.358
121.627
121.896
122.166
122.435
122.705
122.974
123.243
123.513
123.782
124.051
124.321
124.59
124.859
125.129
125.398
125.667
125.937
126.206
126.475
126.745
127.014
127.284
127.553
127.822
128.092
128.361
128.63
128.9
129.169
129.439
129.708
129.977
130.247
130.516
130.785
131.055
131.324
131.594
131.863
132.132
132.402
132.671
132.941
133.21
133.479
133.749
134.018
134.288
134.557
134.827
135.096
135.365
135.635
135.904
136.174
136.443
136.713
136.982
137.251
137.521
137.79
138.06
138.329
138.599
138.868
139.137
139.407
139.676
139.946
140.215
140.485
140.754
141.024
141.293
141.563
141.832
142.102
142.371
142.64
142.91
143.179
143.449
143.718
143.988
144.257
144.527
144.796
145.066
145.335
145.605
145.874
146.144
146.413
146.683
146.952
147.222
147.491
147.761
148.03
148.3
148.569
148.839
149.108
149.378
149.647
149.917
150.187
150.456
150.726
150.995
151.265
151.534
151.804
152.073
152.343
152.612
152.882
153.151
153.421
153.691
153.96
154.23
154.499
154.769
155.038
155.308
155.577
155.847
156.117
156.386
156.656
156.925
157.195
157.465
157.734
158.004
158.273
158.543
158.812
159.082
159.352
159.621
159.891
160.16
160.43
160.7
160.969
161.239
161.509
161.778
162.048
162.317
162.587
162.857
163.126
163.396
163.666
163.935
164.205
164.474
164.744
165.014
165.283
165.553
165.823
166.092
166.362
166.632
166.901
167.171
167.441
167.71
167.98
168.25
168.519
168.789
169.059
169.328
169.598
169.868
170.137
170.407
170.677
170.947
171.216
171.486
171.756
172.025
172.295
172.565
172.834
173.104
173.374
173.644
173.913
174.183
174.453
174.722
174.992
175.262
175.532
175.801
176.071
176.341
176.611
176.88
177.15
177.42
177.69
177.959
178.229
178.499
178.769
179.038
179.308
179.578
179.848
180.118
180.387
180.657
180.927
181.197
181.466
181.736
182.006
182.276
182.546
182.815
183.085
183.355
183.625
183.895
184.164
184.434
184.704
184.974
185.244
185.514
185.783
186.053
186.323
186.593
186.863
187.133
187.402
187.672
187.942
188.212
188.482
188.752
189.021
189.291
189.561
189.831
190.101
190.371
190.641
190.911
191.18
191.45
191.72
191.99
192.26
192.53
192.8
193.07
193.34
193.609
193.879
194.149
194.419
194.689
194.959
195.229
195.499
195.769
196.039
196.309
196.579
196.849
197.118
197.388
197.658
197.928
198.198
198.468
198.738
199.008
199.278
199.548
199.818
200.088
200.358
200.628
200.898
201.168
201.438
201.708
201.978
202.248
202.518
202.788
203.058
203.328
203.598
203.868
204.138
204.408
204.678
204.948
205.218
205.488
205.758
206.028
206.298
206.568
206.838
207.108
207.378
207.648
207.918
208.188
208.458
208.728
208.998
209.268
209.538
209.809
210.079
210.349
210.619
210.889
211.159
211.429
211.699
211.969
212.239
212.509
212.779
213.05
213.32
213.59
213.86
214.13
214.4
214.67
214.94
215.21
215.481
215.751
216.021
216.291
216.561
216.831
217.101
217.372
217.642
217.912
218.182
218.452
218.722
218.992
219.263
219.533
219.803
220.073
220.343
220.614
220.884
221.154
221.424
221.694
221.964
222.235
222.505
222.775
223.045
223.316
223.586
223.856
224.126
224.396
224.667
224.937
225.207
225.477
225.748
226.018
226.288
226.558
226.829
227.099
227.369
227.639
227.91
228.18
228.45
228.72
228.991
229.261
229.531
229.802
230.072
230.342
230.612
230.883
231.153
231.423
231.694
231.964
232.234
232.505
232.775
233.045
233.316
233.586
233.856
234.127
234.397
234.667
234.938
235.208
235.478
235.749
236.019
236.289
236.56
236.83
237.1
237.371
237.641
237.912
238.182
238.452
238.723
238.993
239.264
239.534
239.804
240.075
240.345
240.616
240.886
241.156
241.427
241.697
241.968
242.238
242.509
242.779
243.049
243.32
243.59
243.861
244.131
244.402
244.672
244.943
245.213
245.484
245.754
246.025
246.295
246.566
246.836
247.107
247.377
247.648
247.918
248.189
248.459
248.73
249
249.271
249.541
249.812
250.082
250.353
250.623
250.894
251.164
251.435
251.705
251.976
252.247
252.517
252.788
253.058
253.329
253.599
253.87
254.141
254.411
254.682
254.952
255.223
255.494
255.764
256.035
256.305
256.576
256.847
257.117
257.388
257.658
257.929
258.2
258.47
258.741
259.012
259.282
259.553
259.824
260.094
260.365
260.636
260.906
261.177
261.448
261.718
261.989
262.26
262.53
262.801
263.072
263.342
263.613
263.884
264.155
264.425
264.696
264.967
265.237
265.508
265.779
266.05
266.32
266.591
266.862
267.133
267.403
267.674
267.945
268.216
268.486
268.757
269.028
269.299
269.57
269.84
270.111
270.382
270.653
270.924
271.194
271.465
271.736
272.007
272.278
272.548
272.819
273.09
273.361
273.632
273.903
274.173
274.444
274.715
274.986
275.257
275.528
275.799
276.07
276.34
276.611
276.882
277.153
277.424
277.695
277.966
278.237
278.508
278.778
279.049
279.32
279.591
279.862
280.133
280.404
280.675
280.946
281.217
281.488
281.759
282.03
282.301
282.572
282.843
283.114
283.385
283.656
283.927
284.197
284.468
284.739
285.01
285.281
285.552
285.824
286.095
286.366
286.637
286.908
287.179
287.45
287.721
287.992
288.263
288.534
288.805
289.076
289.347
289.618
289.889
290.16
290.431
290.702
290.973
291.245
291.516
291.787
292.058
292.329
292.6
292.871
293.142
293.413
293.685
293.956
294.227
294.498
294.769
295.04
295.311
295.583
295.854
296.125
296.396
296.667
296.938
297.21
297.481
297.752
298.023
298.294
298.566
298.837
299.108
299.379
299.65
299.922
300.193
300.464
300.735
301.007
301.278
301.549
301.82
302.091
302.363
302.634
302.905
303.177
303.448
303.719
303.99
304.262
304.533
304.804
305.076
305.347
305.618
305.889
306.161
306.432
306.703
306.975
307.246
307.517
307.789
308.06
308.331
308.603
308.874
309.146
309.417
309.688
309.96
310.231
310.502
310.774
311.045
311.317
311.588
311.859
312.131
312.402
312.674
312.945
313.216
313.488
313.759
314.031
314.302
314.574
314.845
315.117
315.388
315.659
315.931
316.202
316.474
316.745
317.017
317.288
317.56
317.831
318.103
318.374
318.646
318.917
319.189
319.46
319.732
320.003
320.275
320.547
320.818
321.09
321.361
321.633
321.904
322.176
322.447
322.719
322.991
323.262
323.534
323.805
324.077
324.349
324.62
324.892
325.163
325.435
325.707
325.978
326.25
326.522
326.793
327.065
327.337
327.608
327.88
328.152
328.423
328.695
328.967
329.238
329.51
329.782
330.053
330.325
330.597
330.868
331.14
331.412
331.684
331.955
332.227
332.499
332.771
333.042
333.314
333.586
333.858
334.129
334.401
334.673
334.945
335.216
335.488
335.76
336.032
336.304
336.575
336.847
337.119
337.391
337.663
337.934
338.206
338.478
338.75
339.022
339.294
339.566
339.837
340.109
340.381
340.653
340.925
341.197
341.469
341.741
342.012
342.284
342.556
342.828
343.1
343.372
343.644
343.916
344.188
344.46
344.732
345.004
345.276
345.548
345.82
346.092
346.364
346.636
346.907
347.179
347.451
347.723
347.995
348.267
348.539
348.812
349.084
349.356
349.628
349.9
350.172
350.444
350.716
350.988
351.26
351.532
351.804
352.076
352.348
352.62
352.892
353.164
353.437
353.709
353.981
354.253
354.525
354.797
355.069
355.341
355.614
355.886
356.158
356.43
356.702
356.974
357.246
357.519
357.791
358.063
358.335
358.607
358.88
359.152
359.424
359.696
359.968
360.241
360.513
360.785
361.057
361.33
361.602
361.874
362.146
362.419
362.691
362.963
363.235
363.508
363.78
364.052
364.325
364.597
364.869
365.141
365.414
365.686
365.958
366.231
366.503
366.775
367.048
367.32
367.593
367.865
368.137
368.41
368.682
368.954
369.227
369.499
369.772
370.044
370.316
370.589
370.861
371.134
371.406
371.678
371.951
372.223
372.496
372.768
373.041
373.313
373.586
373.858
374.131
374.403
374.676
374.948
375.221
375.493
375.766
376.038
376.311
376.583
376.856
377.128
377.401
377.673
377.946
378.218
378.491
378.764
379.036
379.309
379.581
379.854
380.126
380.399
380.672
380.944
381.217
381.49
381.762
382.035
382.307
382.58
382.853
383.125
383.398
383.671
383.943
384.216
384.489
384.761
385.034
385.307
385.579
385.852
386.125
386.398
386.67
386.943
387.216
387.488
387.761
388.034
388.307
388.579
388.852
389.125
389.398
389.671
389.943
390.216
390.489
390.762
391.035
391.307
391.58
391.853
392.126
392.399
392.671
392.944
393.217
393.49
393.763
394.036
394.309
394.581
394.854
395.127
395.4
395.673
395.946
396.219
396.492
396.765
397.038
397.311
397.583
397.856
398.129
398.402
398.675
398.948
399.221
399.494
399.767
400.04
400.313
400.586
400.859
401.132
401.405
401.678
401.951
402.224
402.497
402.77
403.043
403.316
403.589
403.863
404.136
404.409
404.682
404.955
405.228
405.501
405.774
406.047
406.32
406.593
406.867
407.14
407.413
407.686
407.959
408.232
408.505
408.779
409.052
409.325
409.598
409.871
410.144
410.418
410.691
410.964
411.237
411.511
411.784
412.057
412.33
412.603
412.877
413.15
413.423
413.697
413.97
414.243
414.516
414.79
415.063
415.336
415.61
415.883
416.156
416.429
416.703
416.976
417.249
417.523
417.796
418.07
418.343
418.616
418.89
419.163
419.436
419.71
419.983
420.257
420.53
420.803
421.077
421.35
421.624
421.897
422.171
422.444
422.717
422.991
423.264
423.538
423.811
424.085
424.358
424.632
424.905
425.179
425.452
425.726
425.999
426.273
426.546
426.82
427.094
427.367
427.641
427.914
428.188
428.461
428.735
429.009
429.282
429.556
429.829
430.103
430.377
430.65
430.924
431.198
431.471
431.745
432.019
432.292
432.566
432.84
433.113
433.387
433.661
433.934
434.208
434.482
434.755
435.029
435.303
435.577
435.85
436.124
436.398
436.672
436.945
437.219
437.493
437.767
438.04
438.314
438.588
438.862
439.136
439.41
439.683
439.957
440.231
440.505
440.779
441.053
441.326
441.6
441.874
442.148
442.422
442.696
442.97
443.244
443.518
443.791
444.065
444.339
444.613
444.887
445.161
445.435
445.709
445.983
446.257
446.531
446.805
447.079
447.353
447.627
447.901
448.175
448.449
448.723
448.997
449.271
449.545
449.819
450.093
450.367
450.641
450.915
451.19
451.464
451.738
452.012
452.286
452.56
452.834
453.108
453.382
453.657
453.931
454.205
454.479
454.753
455.027
455.302
455.576
455.85
456.124
456.398
456.673
456.947
457.221
457.495
457.769
458.044
458.318
458.592
458.867
459.141
459.415
459.689
459.964
460.238
460.512
460.787
461.061
461.335
461.609
461.884
462.158
462.432
462.707
462.981
463.256
463.53
463.804
464.079
464.353
464.627
464.902
465.176
465.451
465.725
466
466.274
466.548
466.823
467.097
467.372
467.646
467.921
468.195
468.47
468.744
469.019
469.293
469.568
469.842
470.117
470.391
470.666
470.94
471.215
471.489
471.764
472.039
472.313
472.588
472.862
473.137
473.412
473.686
473.961
474.235
474.51
474.785
475.059
475.334
475.609
475.883
476.158
476.433
476.707
476.982
477.257
477.531
477.806
478.081
478.356
478.63
478.905
479.18
479.455
479.729
480.004
480.279
480.554
480.828
481.103
481.378
481.653
481.928
482.202
482.477
482.752
483.027
483.302
483.577
483.851
484.126
484.401
484.676
484.951
485.226
485.501
485.776
486.051
486.325
486.6
486.875
487.15
487.425
487.7
487.975
488.25
488.525
488.8
489.075
489.35
489.625
489.9
490.175
490.45
490.725
491
491.275
491.55
491.825
492.1
492.375
492.651
492.926
493.201
493.476
493.751
494.026
494.301
494.576
494.851
495.126
495.402
495.677
495.952
496.227
496.502
496.777
497.053
497.328
497.603
497.878
498.153
498.429
498.704
498.979
499.254
499.53
499.805
500.08
500.355
500.631
500.906
501.181
501.457
501.732
502.007
502.282
502.558
502.833
503.108
503.384
503.659
503.935
504.21
504.485
504.761
505.036
505.311
505.587
505.862
506.138
506.413
506.689
506.964
507.239
507.515
507.79
508.066
508.341
508.617
508.892
509.168
509.443
509.719
509.994
510.27
510.545
510.821
511.096
511.372
511.648
511.923
512.199
512.474
512.75
513.025
513.301
513.577
513.852
514.128
514.403
514.679
514.955
515.23
515.506
515.782
516.057
516.333
516.609
516.884
517.16
517.436
517.712
517.987
518.263
518.539
518.815
519.09
519.366
519.642
519.918
520.193
520.469
520.745
521.021
521.297
521.572
521.848
522.124
522.4
522.676
522.952
523.227
523.503
523.779
524.055
524.331
524.607
524.883
525.159
525.435
525.711
525.987
526.262
526.538
526.814
527.09
527.366
527.642
527.918
528.194
528.47
528.746
529.022
529.298
529.574
529.85
530.126
530.403
530.679
530.955
531.231
531.507
531.783
532.059
532.335
532.611
532.887
533.163
533.44
533.716
533.992
534.268
534.544
534.82
535.097
535.373
535.649
535.925
536.201
536.478
536.754
537.03
537.306
537.583
537.859
538.135
538.411
538.688
538.964
539.24
539.517
539.793
540.069
540.345
540.622
540.898
541.174
541.451
541.727
542.004
542.28
542.556
542.833
543.109
543.386
543.662
543.938
544.215
544.491
544.768
545.044
545.321
545.597
545.874
546.15
546.427
546.703
546.98
547.256
547.533
547.809
548.086
548.362
548.639
548.915
549.192
549.468
549.745
550.022
550.298
550.575
550.851
551.128
551.405
551.681
551.958
552.235
552.511
552.788
553.065
553.341
553.618
553.895
554.171
554.448
554.725
555.002
555.278
555.555
555.832
556.109
556.385
556.662
556.939
557.216
557.493
557.769
558.046
558.323
558.6
558.877
559.154
559.43
559.707
559.984
560.261
560.538
560.815
561.092
561.369
561.646
561.922
562.199
562.476
562.753
563.03
563.307
563.584
563.861
564.138
564.415
564.692
564.969
565.246
565.523
565.8
566.077
566.354
566.632
566.909
567.186
567.463
567.74
568.017
568.294
568.571
568.848
569.125
569.403
569.68
569.957
570.234
570.511
570.788
571.066
571.343
571.62
571.897
572.174
572.452
572.729
573.006
573.283
573.561
573.838
574.115
574.393
574.67
574.947
575.224
575.502
575.779
576.056
576.334
576.611
576.889
577.166
577.443
577.721
577.998
578.275
578.553
578.83
579.108
579.385
579.663
579.94
580.218
580.495
580.772
581.05
581.327
581.605
581.882
582.16
582.437
582.715
582.993
583.27
583.548
583.825
584.103
584.38
584.658
584.936
585.213
585.491
585.768
586.046
586.324
586.601
586.879
587.157
587.434
587.712
587.99
588.267
588.545
588.823
589.101
589.378
589.656
589.934
590.212
590.489
590.767
591.045
591.323
591.6
591.878
592.156
592.434
592.712
592.99
593.267
593.545
593.823
594.101
594.379
594.657
594.935
595.213
595.491
595.768
596.046
596.324
596.602
596.88
597.158
597.436
597.714
597.992
598.27
598.548
598.826
599.104
599.382
599.66
599.938
600.216
600.495
600.773
601.051
601.329
601.607
601.885
602.163
602.441
602.719
602.998
603.276
603.554
603.832
604.11
604.388
604.667
604.945
605.223
605.501
605.779
606.058
606.336
606.614
606.892
607.171
607.449
607.727
608.006
608.284
608.562
608.841
609.119
609.397
609.676
609.954
610.232
610.511
610.789
611.068
611.346
611.624
611.903
612.181
612.46
612.738
613.017
613.295
613.573
613.852
614.13
614.409
614.687
614.966
615.245
615.523
615.802
616.08
616.359
616.637
616.916
617.194
617.473
617.752
618.03
618.309
618.588
618.866
619.145
619.423
619.702
619.981
620.259
620.538
620.817
621.096
621.374
621.653
621.932
622.211
622.489
622.768
623.047
623.326
623.604
623.883
624.162
624.441
624.72
624.998
625.277
625.556
625.835
626.114
626.393
626.672
626.951
627.229
627.508
627.787
628.066
628.345
628.624
628.903
629.182
629.461
629.74
630.019
630.298
630.577
630.856
631.135
631.414
631.693
631.972
632.251
632.53
632.81
633.089
633.368
633.647
633.926
634.205
634.484
634.763
635.043
635.322
635.601
635.88
636.159
636.438
636.718
636.997
637.276
637.555
637.835
638.114
638.393
638.672
638.952
639.231
639.51
639.79
640.069
640.348
640.628
640.907
641.186
641.466
641.745
642.024
642.304
642.583
642.863
643.142
643.421
643.701
643.98
644.26
644.539
644.819
645.098
645.378
645.657
645.937
646.216
646.496
646.775
647.055
647.335
647.614
647.894
648.173
648.453
648.732
649.012
649.292
649.571
649.851
650.131
650.41
650.69
650.97
651.249
651.529
651.809
652.088
652.368
652.648
652.928
653.207
653.487
653.767
654.047
654.327
654.606
654.886
655.166
655.446
655.726
656.005
656.285
656.565
656.845
657.125
657.405
657.685
657.965
658.245
658.525
658.805
659.084
659.364
659.644
659.924
660.204
660.484
660.764
661.044
661.324
661.604
661.885
662.165
662.445
662.725
663.005
663.285
663.565
663.845
664.125
664.405
664.685
664.966
665.246
665.526
665.806
666.086
666.367
666.647
666.927
667.207
667.487
667.768
668.048
668.328
668.608
668.889
669.169
669.449
669.73
670.01
670.29
670.571
670.851
671.131
671.412
671.692
671.973
672.253
672.533
672.814
673.094
673.375
673.655
673.936
674.216
674.497
674.777
675.057
675.338
675.619
675.899
676.18
676.46
676.741
677.021
677.302
677.582
677.863
678.144
678.424
678.705
678.985
679.266
679.547
679.827
680.108
680.389
680.669
680.95
681.231
681.512
681.792
682.073
682.354
682.635
682.915
683.196
683.477
683.758
684.039
684.319
684.6
684.881
685.162
685.443
685.724
686.005
686.285
686.566
686.847
687.128
687.409
687.69
687.971
688.252
688.533
688.814
689.095
689.376
689.657
689.938
690.219
690.5
690.781
691.062
691.343
691.624
691.905
692.186
692.467
692.749
693.03
693.311
693.592
693.873
694.154
694.435
694.717
694.998
695.279
695.56
695.842
696.123
696.404
696.685
696.967
697.248
697.529
697.81
698.092
698.373
698.654
698.936
699.217
699.498
699.78
700.061
700.343
700.624
700.905
701.187
701.468
701.75
702.031
702.313
702.594
702.875
703.157
703.438
703.72
704.001
704.283
704.565
704.846
705.128
705.409
705.691
705.972
706.254
706.536
706.817
707.099
707.381
707.662
707.944
708.226
708.507
708.789
709.071
709.352
709.634
709.916
710.198
710.479
710.761
711.043
711.325
711.606
711.888
712.17
712.452
712.734
713.016
713.297
713.579
713.861
714.143
714.425
714.707
714.989
715.271
715.553
715.835
716.117
716.398
716.68
716.962
717.244
717.526
717.808
718.091
718.373
718.655
718.937
719.219
719.501
719.783
720.065
720.347
720.629
720.911
721.194
721.476
721.758
722.04
722.322
722.604
722.887
723.169
723.451
723.733
724.016
724.298
724.58
724.862
725.145
725.427
725.709
725.992
726.274
726.556
726.839
727.121
727.403
727.686
727.968
728.251
728.533
728.816
729.098
729.38
729.663
729.945
730.228
730.51
730.793
731.075
731.358
731.64
731.923
732.206
732.488
732.771
733.053
733.336
733.619
733.901
734.184
734.466
734.749
735.032
735.314
735.597
735.88
736.162
736.445
736.728
737.011
737.293
737.576
737.859
738.142
738.425
738.707
738.99
739.273
739.556
739.839
740.122
740.404
740.687
740.97
741.253
741.536
741.819
742.102
742.385
742.668
742.951
743.234
743.517
743.8
744.083
744.366
744.649
744.932
745.215
745.498
745.781
746.064
746.347
746.63
746.913
747.196
747.48
747.763
748.046
748.329
748.612
748.895
749.179
749.462
749.745
750.028
750.312
750.595
750.878
751.161
751.445
751.728
752.011
752.295
752.578
752.861
753.145
753.428
753.711
753.995
754.278
754.562
754.845
755.129
755.412
755.695
755.979
756.262
756.546
756.829
757.113
757.396
757.68
757.963
758.247
758.531
758.814
759.098
759.381
759.665
759.949
760.232
760.516
760.8
761.083
761.367
761.651
761.934
762.218
762.502
762.785
763.069
763.353
763.637
763.92
764.204
764.488
764.772
765.056
765.34
765.623
765.907
766.191
766.475
766.759
767.043
767.327
767.611
767.895
768.179
768.462
768.746
769.03
769.314
769.598
769.882
770.166
770.45
770.735
771.019
771.303
771.587
771.871
772.155
772.439
772.723
773.007
773.291
773.576
773.86
774.144
774.428
774.712
774.997
775.281
775.565
775.849
776.134
776.418
776.702
776.986
777.271
777.555
777.839
778.124
778.408
778.692
778.977
779.261
779.546
779.83
780.114
780.399
780.683
780.968
781.252
781.537
781.821
782.106
782.39
782.675
782.959
783.244
783.528
783.813
784.098
784.382
784.667
784.951
785.236
785.521
785.805
786.09
786.375
786.659
786.944
787.229
787.513
787.798
788.083
788.368
788.652
788.937
789.222
789.507
789.792
790.076
790.361
790.646
790.931
791.216
791.501
791.786
792.071
792.356
792.64
792.925
793.21
793.495
793.78
794.065
794.35
794.635
794.92
795.205
795.49
795.775
796.061
796.346
796.631
796.916
797.201
797.486
797.771
798.056
798.341
798.627
798.912
799.197
799.482
799.767
800.053
800.338
800.623
800.908
801.194
801.479
801.764
802.05
802.335
802.62
802.906
803.191
803.476
803.762
804.047
804.333
804.618
804.904
805.189
805.474
805.76
806.045
806.331
806.616
806.902
807.187
807.473
807.759
808.044
808.33
808.615
808.901
809.186
809.472
809.758
810.043
810.329
810.615
810.9
811.186
811.472
811.758
812.043
812.329
812.615
812.901
813.186
813.472
813.758
814.044
814.33
814.615
814.901
815.187
815.473
815.759
816.045
816.331
816.617
816.903
817.189
817.474
817.76
818.046
818.332
818.618
818.904
819.191
819.477
819.763
820.049
820.335
820.621
820.907
821.193
821.479
821.765
822.052
822.338
822.624
822.91
823.196
823.482
823.769
824.055
824.341
824.627
824.914
825.2
825.486
825.773
826.059
826.345
826.632
826.918
827.204
827.491
827.777
828.064
828.35
828.636
828.923
829.209
829.496
829.782
830.069
830.355
830.642
830.928
831.215
831.502
831.788
832.075
832.361
832.648
832.934
833.221
833.508
833.794
834.081
834.368
834.654
834.941
835.228
835.515
835.801
836.088
836.375
836.662
836.948
837.235
837.522
837.809
838.096
838.383
838.67
838.956
839.243
839.53
839.817
840.104
840.391
840.678
840.965
841.252
841.539
841.826
842.113
842.4
842.687
842.974
843.261
843.548
843.835
844.122
844.41
844.697
844.984
845.271
845.558
845.845
846.133
846.42
846.707
846.994
847.281
847.569
847.856
848.143
848.431
848.718
849.005
849.292
849.58
849.867
850.155
850.442
850.729
851.017
851.304
851.592
851.879
852.167
852.454
852.741
853.029
853.316
853.604
853.892
854.179
854.467
854.754
855.042
855.329
855.617
855.905
856.192
856.48
856.768
857.055
857.343
857.631
857.918
858.206
858.494
858.782
859.069
859.357
859.645
859.933
860.221
860.508
860.796
861.084
861.372
861.66
861.948
862.236
862.524
862.812
863.099
863.387
863.675
863.963
864.251
864.539
864.827
865.115
865.403
865.692
865.98
866.268
866.556
866.844
867.132
867.42
867.708
867.997
868.285
868.573
868.861
869.149
869.438
869.726
870.014
870.302
870.591
870.879
871.167
871.456
871.744
872.032
872.321
872.609
872.897
873.186
873.474
873.763
874.051
874.339
874.628
874.916
875.205
875.493
875.782
876.07
876.359
876.648
876.936
877.225
877.513
877.802
878.091
878.379
878.668
878.956
879.245
879.534
879.823
880.111
880.4
880.689
880.977
881.266
881.555
881.844
882.133
882.421
882.71
882.999
883.288
883.577
883.866
884.155
884.444
884.733
885.021
885.31
885.599
885.888
886.177
886.466
886.755
887.044
887.333
887.623
887.912
888.201
888.49
888.779
889.068
889.357
889.646
889.935
890.225
890.514
890.803
891.092
891.381
891.671
891.96
892.249
892.539
892.828
893.117
893.407
893.696
893.985
894.275
894.564
894.853
895.143
895.432
895.722
896.011
896.301
896.59
896.879
897.169
897.459
897.748
898.038
898.327
898.617
898.906
899.196
899.485
899.775
900.065
900.354
900.644
900.934
901.223
901.513
901.803
902.093
902.382
902.672
902.962
903.252
903.541
903.831
904.121
904.411
904.701
904.991
905.281
905.57
905.86
906.15
906.44
906.73
907.02
907.31
907.6
907.89
908.18
908.47
908.76
909.05
909.34
909.63
909.921
910.211
910.501
910.791
911.081
911.371
911.661
911.952
912.242
912.532
912.822
913.113
913.403
913.693
913.983
914.274
914.564
914.854
915.145
915.435
915.725
916.016
916.306
916.597
916.887
917.178
917.468
917.759
918.049
918.339
918.63
918.921
919.211
919.502
919.792
920.083
920.373
920.664
920.955
921.245
921.536
921.827
922.117
922.408
922.699
922.989
923.28
923.571
923.862
924.152
924.443
924.734
925.025
925.316
925.607
925.897
926.188
926.479
926.77
927.061
927.352
927.643
927.934
928.225
928.516
928.807
929.098
929.389
929.68
929.971
930.262
930.553
930.844
931.135
931.427
931.718
932.009
932.3
932.591
932.882
933.174
933.465
933.756
934.047
934.339
934.63
934.921
935.213
935.504
935.795
936.087
936.378
936.669
936.961
937.252
937.544
937.835
938.127
938.418
938.71
939.001
939.293
939.584
939.876
940.167
940.459
940.75
941.042
941.334
941.625
941.917
942.208
942.5
942.792
943.084
943.375
943.667
943.959
944.251
944.542
944.834
945.126
945.418
945.71
946.001
946.293
946.585
946.877
947.169
947.461
947.753
948.045
948.337
948.629
948.921
949.213
949.505
949.797
950.089
950.381
950.673
950.965
951.257
951.549
951.841
952.133
952.426
952.718
953.01
953.302
953.594
953.887
954.179
954.471
954.763
955.056
955.348
955.64
955.933
956.225
956.517
956.81
957.102
957.395
957.687
957.98
958.272
958.564
958.857
959.149
959.442
959.735
960.027
960.32
960.612
960.905
961.197
961.49
961.783
962.075
962.368
962.661
962.953
963.246
963.539
963.831
964.124
964.417
964.71
965.003
965.295
965.588
965.881
966.174
966.467
966.76
967.053
967.345
967.638
967.931
968.224
968.517
968.81
969.103
969.396
969.689
969.982
970.275
970.568
970.862
971.155
971.448
971.741
972.034
972.327
972.62
972.914
973.207
973.5
973.793
974.087
974.38
974.673
974.966
975.26
975.553
975.846
976.14
976.433
976.727
977.02
977.313
977.607
977.9
978.194
978.487
978.781
979.074
979.368
979.661
979.955
980.248
980.542
980.836
981.129
981.423
981.716
982.01
982.304
982.598
982.891
983.185
983.479
983.772
984.066
984.36
984.654
984.948
985.241
985.535
985.829
986.123
986.417
986.711
987.005
987.299
987.593
987.887
988.181
988.475
988.769
989.063
989.357
989.651
989.945
990.239
990.533
990.827
991.121
991.415
991.709
992.004
992.298
992.592
992.886
993.181
993.475
993.769
994.063
994.358
994.652
994.946
995.241
995.535
995.829
996.124
996.418
996.713
997.007
997.301
997.596
997.89
998.185
998.479
998.774
999.069
999.363
999.658
999.952
1000.25
1000.54
1000.84
1001.13
1001.43
1001.72
1002.01
1002.31
1002.6
1002.9
1003.19
1003.49
1003.78
1004.08
1004.37
1004.67
1004.96
1005.26
1005.55
1005.85
1006.14
1006.44
1006.73
1007.03
1007.32
1007.62
1007.91
1008.21
1008.5
1008.8
1009.09
1009.39
1009.68
1009.98
1010.27
1010.57
1010.86
1011.16
1011.45
1011.75
1012.04
1012.34
1012.63
1012.93
1013.22
1013.52
1013.82
1014.11
1014.41
1014.7
1015
1015.29
1015.59
1015.88
1016.18
1016.47
1016.77
1017.07
1017.36
1017.66
1017.95
1018.25
1018.54
1018.84
1019.13
1019.43
1019.73
1020.02
1020.32
1020.61
1020.91
1021.2
1021.5
1021.8
1022.09
1022.39
1022.68
1022.98
1023.27
1023.57
1023.87
1024.16
1024.46
1024.75
1025.05
1025.35
1025.64
1025.94
1026.23
1026.53
1026.83
1027.12
1027.42
1027.71
1028.01
1028.31
1028.6
1028.9
1029.19
1029.49
1029.79
1030.08
1030.38
1030.68
1030.97
1031.27
1031.56
1031.86
1032.16
1032.45
1032.75
1033.05
1033.34
1033.64
1033.93
1034.23
1034.53
1034.82
1035.12
1035.42
1035.71
1036.01
1036.31
1036.6
1036.9
1037.2
1037.49
1037.79
1038.09
1038.38
1038.68
1038.98
1039.27
1039.57
1039.87
1040.16
1040.46
1040.76
1041.05
1041.35
1041.65
1041.94
1042.24
1042.54
1042.83
1043.13
1043.43
1043.73
1044.02
1044.32
1044.62
1044.91
1045.21
1045.51
1045.8
1046.1
1046.4
1046.7
1046.99
1047.29
1047.59
1047.88
1048.18
1048.48
1048.78
1049.07
1049.37
1049.67
1049.97
1050.26
1050.56
1050.86
1051.15
1051.45
1051.75
1052.05
1052.34
1052.64
1052.94
1053.24
1053.53
1053.83
1054.13
1054.43
1054.72
1055.02
1055.32
1055.62
1055.91
1056.21
1056.51
1056.81
1057.1
1057.4
1057.7
1058
1058.3
1058.59
1058.89
1059.19
1059.49
1059.78
1060.08
1060.38
1060.68
1060.98
1061.27
1061.57
1061.87
1062.17
1062.47
1062.76
1063.06
1063.36
1063.66
1063.96
1064.25
1064.55
1064.85
1065.15
1065.45
1065.74
1066.04
1066.34
1066.64
1066.94
1067.24
1067.53
1067.83
1068.13
1068.43
1068.73
1069.03
1069.32
1069.62
1069.92
1070.22
1070.52
1070.82
1071.11
1071.41
1071.71
1072.01
1072.31
1072.61
1072.91
1073.2
1073.5
1073.8
1074.1
1074.4
1074.7
1075
1075.3
1075.59
1075.89
1076.19
1076.49
1076.79
1077.09
1077.39
1077.69
1077.98
1078.28
1078.58
1078.88
1079.18
1079.48
1079.78
1080.08
1080.38
1080.67
1080.97
1081.27
1081.57
1081.87
1082.17
1082.47
1082.77
1083.07
1083.37
1083.67
1083.97
1084.26
1084.56
1084.86
1085.16
1085.46
1085.76
1086.06
1086.36
1086.66
1086.96
1087.26
1087.56
1087.86
1088.16
1088.46
1088.75
1089.05
1089.35
1089.65
1089.95
1090.25
1090.55
1090.85
1091.15
1091.45
1091.75
1092.05
1092.35
1092.65
1092.95
1093.25
1093.55
1093.85
1094.15
1094.45
1094.75
1095.05
1095.35
1095.65
1095.95
1096.25
1096.55
1096.85
1097.15
1097.45
1097.75
1098.05
1098.35
1098.65
1098.95
1099.25
1099.55
1099.85
1100.15
1100.45
1100.75
1101.05
1101.35
1101.65
1101.95
1102.25
1102.55
1102.85
1103.15
1103.45
1103.75
1104.05
1104.35
1104.65
1104.95
1105.25
1105.55
1105.85
1106.15
1106.45
1106.75
1107.06
1107.36
1107.66
1107.96
1108.26
1108.56
1108.86
1109.16
1109.46
1109.76
1110.06
1110.36
1110.66
1110.96
1111.26
1111.57
1111.87
1112.17
1112.47
1112.77
1113.07
1113.37
1113.67
1113.97
1114.27
1114.57
1114.88
1115.18
1115.48
1115.78
1116.08
1116.38
1116.68
1116.98
1117.28
1117.59
1117.89
1118.19
1118.49
1118.79
1119.09
1119.39
1119.69
1120
1120.3
1120.6
1120.9
1121.2
1121.5
1121.8
1122.11
1122.41
1122.71
1123.01
1123.31
1123.61
1123.91
1124.22
1124.52
1124.82
1125.12
1125.42
1125.72
1126.03
1126.33
1126.63
1126.93
1127.23
1127.53
1127.84
1128.14
1128.44
1128.74
1129.04
1129.34
1129.65
1129.95
1130.25
1130.55
1130.85
1131.16
1131.46
1131.76
1132.06
1132.36
1132.67
1132.97
1133.27
1133.57
1133.87
1134.18
1134.48
1134.78
1135.08
1135.39
1135.69
1135.99
1136.29
1136.59
1136.9
1137.2
1137.5
1137.8
1138.11
1138.41
1138.71
1139.01
1139.32
1139.62
1139.92
1140.22
1140.53
1140.83
1141.13
1141.43
1141.74
1142.04
1142.34
1142.64
1142.95
1143.25
1143.55
1143.86
1144.16
1144.46
1144.76
1145.07
1145.37
1145.67
1145.98
1146.28
1146.58
1146.88
1147.19
1147.49
1147.79
1148.1
1148.4
1148.7
1149
1149.31
1149.61
1149.91
1150.22
1150.52
1150.82
1151.13
1151.43
1151.73
1152.04
1152.34
1152.64
1152.95
1153.25
1153.55
1153.86
1154.16
1154.46
1154.77
1155.07
1155.37
1155.68
1155.98
1156.28
1156.59
1156.89
1157.19
1157.5
1157.8
1158.1
1158.41
1158.71
1159.02
1159.32
1159.62
1159.93
1160.23
1160.53
1160.84
1161.14
1161.45
1161.75
1162.05
1162.36
1162.66
1162.97
1163.27
1163.57
1163.88
1164.18
1164.49
1164.79
1165.09
1165.4
1165.7
1166.01
1166.31
1166.61
1166.92
1167.22
1167.53
1167.83
1168.13
1168.44
1168.74
1169.05
1169.35
1169.66
1169.96
1170.26
1170.57
1170.87
1171.18
1171.48
1171.79
1172.09
1172.4
1172.7
1173
1173.31
1173.61
1173.92
1174.22
1174.53
1174.83
1175.14
1175.44
1175.75
1176.05
1176.36
1176.66
1176.97
1177.27
1177.58
1177.88
1178.18
1178.49
1178.79
1179.1
1179.4
1179.71
1180.01
1180.32
1180.62
1180.93
1181.23
1181.54
1181.84
1182.15
1182.45
1182.76
1183.07
1183.37
1183.68
1183.98
1184.29
1184.59
1184.9
1185.2
1185.51
1185.81
1186.12
1186.42
1186.73
1187.03
1187.34
1187.65
1187.95
1188.26
1188.56
1188.87
1189.17
1189.48
1189.78
1190.09
1190.4
1190.7
1191.01
1191.31
1191.62
1191.92
1192.23
1192.54
1192.84
1193.15
1193.45
1193.76
1194.06
1194.37
1194.68
1194.98
1195.29
1195.59
1195.9
1196.21
1196.51
1196.82
1197.12
1197.43
1197.74
1198.04
1198.35
1198.65
1198.96
1199.27
1199.57
1199.88
1200.19
1200.49
1200.8
1201.1
1201.41
1201.72
1202.02
1202.33
1202.64
1202.94
1203.25
1203.56
1203.86
1204.17
1204.48
1204.78
1205.09
1205.39
1205.7
1206.01
1206.31
1206.62
1206.93
1207.23
1207.54
1207.85
1208.16
1208.46
1208.77
1209.08
1209.38
1209.69
1210
1210.3
1210.61
1210.92
1211.22
1211.53
1211.84
1212.14
1212.45
1212.76
1213.07
1213.37
1213.68
1213.99
1214.29
1214.6
1214.91
1215.22
1215.52
1215.83
1216.14
1216.45
1216.75
1217.06
1217.37
1217.67
1217.98
1218.29
1218.6
1218.9
1219.21
1219.52
1219.83
1220.13
1220.44
1220.75
1221.06
1221.37
1221.67
1221.98
1222.29
1222.6
1222.9
1223.21
1223.52
1223.83
1224.13
1224.44
1224.75
1225.06
1225.37
1225.67
1225.98
1226.29
1226.6
1226.91
1227.21
1227.52
1227.83
1228.14
1228.45
1228.75
1229.06
1229.37
1229.68
1229.99
1230.3
1230.6
1230.91
1231.22
1231.53
1231.84
1232.14
1232.45
1232.76
1233.07
1233.38
1233.69
1234
1234.3
1234.61
1234.92
1235.23
1235.54
1235.85
1236.16
1236.46
1236.77
1237.08
1237.39
1237.7
1238.01
1238.32
1238.62
1238.93
1239.24
1239.55
1239.86
1240.17
1240.48
1240.79
1241.1
1241.4
1241.71
1242.02
1242.33
1242.64
1242.95
1243.26
1243.57
1243.88
1244.19
1244.5
1244.8
1245.11
1245.42
1245.73
1246.04
1246.35
1246.66
1246.97
1247.28
1247.59
1247.9
1248.21
1248.52
1248.83
1249.14
1249.44
1249.75
1250.06
1250.37
1250.68
1250.99
1251.3
1251.61
1251.92
1252.23
1252.54
1252.85
1253.16
1253.47
1253.78
1254.09
1254.4
1254.71
1255.02
1255.33
1255.64
1255.95
1256.26
1256.57
1256.88
1257.19
1257.5
1257.81
1258.12
1258.43
1258.74
1259.05
1259.36
1259.67
1259.98
1260.29
1260.6
1260.91
1261.22
1261.53
1261.84
1262.15
1262.46
1262.77
1263.08
1263.39
1263.7
1264.01
1264.32
1264.64
1264.95
1265.26
1265.57
1265.88
1266.19
1266.5
1266.81
1267.12
1267.43
1267.74
1268.05
1268.36
1268.67
1268.98
1269.3
1269.61
1269.92
1270.23
1270.54
1270.85
1271.16
1271.47
1271.78
1272.09
1272.4
1272.72
1273.03
1273.34
1273.65
1273.96
1274.27
1274.58
1274.89
1275.21
1275.52
1275.83
1276.14
1276.45
1276.76
1277.07
1277.38
1277.7
1278.01
1278.32
1278.63
1278.94
1279.25
1279.57
1279.88
1280.19
1280.5
1280.81
1281.12
1281.43
1281.75
1282.06
1282.37
1282.68
1282.99
1283.31
1283.62
1283.93
1284.24
1284.55
1284.86
1285.18
1285.49
1285.8
1286.11
1286.42
1286.74
1287.05
1287.36
1287.67
1287.98
1288.3
1288.61
1288.92
1289.23
1289.55
1289.86
1290.17
1290.48
1290.79
1291.11
1291.42
1291.73
1292.04
1292.36
1292.67
1292.98
1293.29
1293.61
1293.92
1294.23
1294.54
1294.86
1295.17
1295.48
1295.79
1296.11
1296.42
1296.73
1297.05
1297.36
1297.67
1297.98
1298.3
1298.61
1298.92
1299.24
1299.55
1299.86
1300.17
1300.49
1300.8
1301.11
1301.43
1301.74
1302.05
1302.37
1302.68
1302.99
1303.31
1303.62
1303.93
1304.25
1304.56
1304.87
1305.19
1305.5
1305.81
1306.13
1306.44
1306.75
1307.07
1307.38
1307.69
1308.01
1308.32
1308.63
1308.95
1309.26
1309.57
1309.89
1310.2
1310.52
1310.83
1311.14
1311.46
1311.77
1312.08
1312.4
1312.71
1313.03
1313.34
1313.65
1313.97
1314.28
1314.6
1314.91
1315.22
1315.54
1315.85
1316.17
1316.48
1316.79
1317.11
1317.42
1317.74
1318.05
1318.37
1318.68
1318.99
1319.31
1319.62
1319.94
1320.25
1320.57
1320.88
1321.19
1321.51
1321.82
1322.14
1322.45
1322.77
1323.08
1323.4
1323.71
1324.03
1324.34
1324.66
1324.97
1325.28
1325.6
1325.91
1326.23
1326.54
1326.86
1327.17
1327.49
1327.8
1328.12
1328.43
1328.75
1329.06
1329.38
1329.69
1330.01
1330.32
1330.64
1330.95
1331.27
1331.58
1331.9
1332.22
1332.53
1332.85
1333.16
1333.48
1333.79
1334.11
1334.42
1334.74
1335.05
1335.37
1335.68
1336
1336.32
1336.63
1336.95
1337.26
1337.58
1337.89
1338.21
1338.53
1338.84
1339.16
1339.47
1339.79
1340.1
1340.42
1340.74
1341.05
1341.37
1341.68
1342
1342.32
1342.63
1342.95
1343.26
1343.58
1343.9
1344.21
1344.53
1344.84
1345.16
1345.48
1345.79
1346.11
1346.43
1346.74
1347.06
1347.37
1347.69
1348.01
1348.32
1348.64
1348.96
1349.27
1349.59
1349.91
1350.22
1350.54
1350.86
1351.17
1351.49
1351.81
1352.12
1352.44
1352.76
1353.07
1353.39
1353.71
1354.02
1354.34
1354.66
1354.97
1355.29
1355.61
1355.93
1356.24
1356.56
1356.88
1357.19
1357.51
1357.83
1358.14
1358.46
1358.78
1359.1
1359.41
1359.73
1360.05
1360.37
1360.68
1361
1361.32
1361.63
1361.95
1362.27
1362.59
1362.9
1363.22
1363.54
1363.86
1364.18
1364.49
1364.81
1365.13
1365.45
1365.76
1366.08
1366.4
1366.72
1367.03
1367.35
1367.67
1367.99
1368.31
1368.62
1368.94
1369.26
1369.58
1369.9
1370.21
1370.53
1370.85
1371.17
1371.49
1371.8
1372.12
1372.44
1372.76
1373.08
1373.4
1373.71
1374.03
1374.35
1374.67
1374.99
1375.31
1375.62
1375.94
1376.26
1376.58
1376.9
1377.22
1377.54
1377.85
1378.17
1378.49
1378.81
1379.13
1379.45
1379.77
1380.09
1380.4
1380.72
1381.04
1381.36
1381.68
1382
1382.32
1382.64
1382.96
1383.27
1383.59
1383.91
1384.23
1384.55
1384.87
1385.19
1385.51
1385.83
1386.15
1386.47
1386.79
1387.1
1387.42
1387.74
1388.06
1388.38
1388.7
1389.02
1389.34
1389.66
1389.98
1390.3
1390.62
1390.94
1391.26
1391.58
1391.9
1392.22
1392.54
1392.86
1393.18
1393.5
1393.82
1394.14
1394.46
1394.78
1395.1
1395.42
1395.74
1396.06
1396.38
1396.7
1397.02
1397.34
1397.66
1397.98
1398.3
1398.62
1398.94
1399.26
1399.58
1399.9
1400.22
1400.54
1400.86
1401.18
1401.5
1401.82
1402.14
1402.46
1402.78
1403.1
1403.42
1403.74
1404.06
1404.38
1404.71
1405.03
1405.35
1405.67
1405.99
1406.31
1406.63
1406.95
1407.27
1407.59
1407.91
1408.23
1408.55
1408.88
1409.2
1409.52
1409.84
1410.16
1410.48
1410.8
1411.12
1411.44
1411.77
1412.09
1412.41
1412.73
1413.05
1413.37
1413.69
1414.02
1414.34
1414.66
1414.98
1415.3
1415.62
1415.94
1416.27
1416.59
1416.91
1417.23
1417.55
1417.87
1418.2
1418.52
1418.84
1419.16
1419.48
1419.8
1420.13
1420.45
1420.77
1421.09
1421.41
1421.74
1422.06
1422.38
1422.7
1423.02
1423.35
1423.67
1423.99
1424.31
1424.63
1424.96
1425.28
1425.6
1425.92
1426.25
1426.57
1426.89
1427.21
1427.54
1427.86
1428.18
1428.5
1428.83
1429.15
1429.47
1429.79
1430.12
1430.44
1430.76
1431.08
1431.41
1431.73
1432.05
1432.38
1432.7
1433.02
1433.34
1433.67
1433.99
1434.31
1434.64
1434.96
1435.28
1435.6
1435.93
1436.25
1436.57
1436.9
1437.22
1437.54
1437.87
1438.19
1438.51
1438.84
1439.16
1439.48
1439.81
1440.13
1440.45
1440.78
1441.1
1441.42
1441.75
1442.07
1442.4
1442.72
1443.04
1443.37
1443.69
1444.01
1444.34
1444.66
1444.98
1445.31
1445.63
1445.96
1446.28
1446.6
1446.93
1447.25
1447.58
1447.9
1448.22
1448.55
1448.87
1449.2
1449.52
1449.85
1450.17
1450.49
1450.82
1451.14
1451.47
1451.79
1452.12
1452.44
1452.76
1453.09
1453.41
1453.74
1454.06
1454.39
1454.71
1455.04
1455.36
1455.69
1456.01
1456.33
1456.66
1456.98
1457.31
1457.63
1457.96
1458.28
1458.61
1458.93
1459.26
1459.58
1459.91
1460.23
1460.56
1460.88
1461.21
1461.53
1461.86
1462.18
1462.51
1462.83
1463.16
1463.49
1463.81
1464.14
1464.46
1464.79
1465.11
1465.44
1465.76
1466.09
1466.41
1466.74
1467.07
1467.39
1467.72
1468.04
1468.37
1468.69
1469.02
1469.34
1469.67
1470
1470.32
1470.65
1470.97
1471.3
1471.63
1471.95
1472.28
1472.6
1472.93
1473.26
1473.58
1473.91
1474.23
1474.56
1474.89
1475.21
1475.54
1475.87
1476.19
1476.52
1476.84
1477.17
1477.5
1477.82
1478.15
1478.48
1478.8
1479.13
1479.46
1479.78
1480.11
1480.44
1480.76
1481.09
1481.42
1481.74
1482.07
1482.4
1482.72
1483.05
1483.38
1483.7
1484.03
1484.36
1484.69
1485.01
1485.34
1485.67
1485.99
1486.32
1486.65
1486.98
1487.3
1487.63
1487.96
1488.28
1488.61
1488.94
1489.27
1489.59
1489.92
1490.25
1490.58
1490.9
1491.23
1491.56
1491.89
1492.21
1492.54
1492.87
1493.2
1493.53
1493.85
1494.18
1494.51
1494.84
1495.16
1495.49
1495.82
1496.15
1496.48
1496.8
1497.13
1497.46
1497.79
1498.12
1498.44
1498.77
1499.1
1499.43
1499.76
1500.09
1500.41
1500.74
1501.07
1501.4
1501.73
1502.06
1502.38
1502.71
1503.04
1503.37
1503.7
1504.03
1504.36
1504.68
1505.01
1505.34
1505.67
1506
1506.33
1506.66
1506.99
1507.32
1507.64
1507.97
1508.3
1508.63
1508.96
1509.29
1509.62
1509.95
1510.28
1510.61
1510.93
1511.26
1511.59
1511.92
1512.25
1512.58
1512.91
1513.24
1513.57
1513.9
1514.23
1514.56
1514.89
1515.22
1515.55
1515.88
1516.21
1516.54
1516.86
1517.19
1517.52
1517.85
1518.18
1518.51
1518.84
1519.17
1519.5
1519.83
1520.16
1520.49
1520.82
1521.15
1521.48
1521.81
1522.14
1522.47
1522.8
1523.13
1523.46
1523.79
1524.13
1524.46
1524.79
1525.12
1525.45
1525.78
1526.11
1526.44
1526.77
1527.1
1527.43
1527.76
1528.09
1528.42
1528.75
1529.08
1529.41
1529.74
1530.08
1530.41
1530.74
1531.07
1531.4
1531.73
1532.06
1532.39
1532.72
1533.05
1533.39
1533.72
1534.05
1534.38
1534.71
1535.04
1535.37
1535.7
1536.03
1536.37
1536.7
1537.03
1537.36
1537.69
1538.02
1538.35
1538.69
1539.02
1539.35
1539.68
1540.01
1540.34
1540.68
1541.01
1541.34
1541.67
1542
1542.34
1542.67
1543
1543.33
1543.66
1543.99
1544.33
1544.66
1544.99
1545.32
1545.66
1545.99
1546.32
1546.65
1546.98
1547.32
1547.65
1547.98
1548.31
1548.65
1548.98
1549.31
1549.64
1549.98
1550.31
1550.64
1550.97
1551.31
1551.64
1551.97
1552.3
1552.64
1552.97
1553.3
1553.64
1553.97
1554.3
1554.63
1554.97
1555.3
1555.63
1555.97
1556.3
1556.63
1556.97
1557.3
1557.63
1557.96
1558.3
1558.63
1558.96
1559.3
1559.63
1559.96
1560.3
1560.63
1560.96
1561.3
1561.63
1561.97
1562.3
1562.63
1562.97
1563.3
1563.63
1563.97
1564.3
1564.63
1564.97
1565.3
1565.64
1565.97
1566.3
1566.64
1566.97
1567.31
1567.64
1567.97
1568.31
1568.64
1568.98
1569.31
1569.65
1569.98
1570.31
1570.65
1570.98
1571.32
1571.65
1571.99
1572.32
1572.65
1572.99
1573.32
1573.66
1573.99
1574.33
1574.66
1575
1575.33
1575.67
1576
1576.34
1576.67
1577.01
1577.34
1577.68
1578.01
1578.35
1578.68
1579.02
1579.35
1579.69
1580.02
1580.36
1580.69
1581.03
1581.36
1581.7
1582.03
1582.37
1582.7
1583.04
1583.37
1583.71
1584.04
1584.38
1584.72
1585.05
1585.39
1585.72
1586.06
1586.39
1586.73
1587.07
1587.4
1587.74
1588.07
1588.41
1588.74
1589.08
1589.42
1589.75
1590.09
1590.42
1590.76
1591.1
1591.43
1591.77
1592.11
1592.44
1592.78
1593.11
1593.45
1593.79
1594.12
1594.46
1594.8
1595.13
1595.47
1595.81
1596.14
1596.48
1596.82
1597.15
1597.49
1597.83
1598.16
1598.5
1598.84
1599.17
1599.51
1599.85
1600.18
1600.52
1600.86
1601.19
1601.53
1601.87
1602.21
1602.54
1602.88
1603.22
1603.55
1603.89
1604.23
1604.57
1604.9
1605.24
1605.58
1605.92
1606.25
1606.59
1606.93
1607.27
1607.6
1607.94
1608.28
1608.62
1608.95
1609.29
1609.63
1609.97
1610.31
1610.64
1610.98
1611.32
1611.66
1612
1612.33
1612.67
1613.01
1613.35
1613.69
1614.02
1614.36
1614.7
1615.04
1615.38
1615.72
1616.05
1616.39
1616.73
1617.07
1617.41
1617.75
1618.08
1618.42
1618.76
1619.1
1619.44
1619.78
1620.12
1620.45
1620.79
1621.13
1621.47
1621.81
1622.15
1622.49
1622.83
1623.17
1623.51
1623.84
1624.18
1624.52
1624.86
1625.2
1625.54
1625.88
1626.22
1626.56
1626.9
1627.24
1627.58
1627.92
1628.25
1628.59
1628.93
1629.27
1629.61
1629.95
1630.29
1630.63
1630.97
1631.31
1631.65
1631.99
1632.33
1632.67
1633.01
1633.35
1633.69
1634.03
1634.37
1634.71
1635.05
1635.39
1635.73
1636.07
1636.41
1636.75
1637.09
1637.43
1637.77
1638.11
1638.45
1638.79
1639.13
1639.47
1639.82
1640.16
1640.5
1640.84
1641.18
1641.52
1641.3
1641.08
1640.86
1640.64
1640.42
1640.2
1639.98
1639.76
1639.54
1639.31
1639.09
1638.87
1638.65
1638.43
1638.21
1637.99
1637.76
1637.54
1637.32
1637.1
1636.88
1636.65
1636.43
1636.21
1635.99
1635.76
1635.54
1635.32
1635.1
1634.87
1634.65
1634.43
1634.2
1633.98
1633.76
1633.53
1633.31
1633.08
1632.86
1632.64
1632.41
1632.19
1631.96
1631.74
1631.51
1631.29
1631.06
1630.84
1630.61
1630.39
1630.16
1629.94
1629.71
1629.48
1629.26
1629.03
1628.81
1628.58
1628.35
1628.13
1627.9
1627.67
1627.45
1627.22
1626.99
1626.77
1626.54
1626.31
1626.08
1625.86
1625.63
1625.4
1625.17
1624.94
1624.72
1624.49
1624.26
1624.03
1623.8
1623.57
1623.35
1623.12
1622.89
1622.66
1622.43
1622.2
1621.97
1621.74
1621.51
1621.28
1621.05
1620.82
1620.59
1620.36
1620.13
1619.9
1619.67
1619.44
1619.21
1618.97
1618.74
1618.51
1618.28
1618.05
1617.82
1617.59
1617.35
1617.12
1616.89
1616.66
1616.42
1616.19
1615.96
1615.73
1615.49
1615.26
1615.03
1614.79
1614.56
1614.33
1614.09
1613.86
1613.63
1613.39
1613.16
1612.92
1612.69
1612.46
1612.22
1611.99
1611.75
1611.52
1611.28
1611.05
1610.81
1610.58
1610.34
1610.11
1609.87
1609.63
1609.4
1609.16
1608.93
1608.69
1608.45
1608.22
1607.98
1607.74
1607.51
1607.27
1607.03
1606.79
1606.56
1606.32
1606.08
1605.84
1605.61
1605.37
1605.13
1604.89
1604.65
1604.41
1604.18
1603.94
1603.7
1603.46
1603.22
1602.98
1602.74
1602.5
1602.26
1602.02
1601.78
1601.54
1601.3
1601.06
1600.82
1600.58
1600.34
1600.1
1599.86
1599.62
1599.38
1599.14
1598.89
1598.65
1598.41
1598.17
1597.93
1597.68
1597.44
1597.2
1596.96
1596.72
1596.47
1596.23
1595.99
1595.74
1595.5
1595.26
1595.01
1594.77
1594.53
1594.28
1594.04
1593.79
1593.55
1593.31
1593.06
1592.82
1592.57
1592.33
1592.08
1591.84
1591.59
1591.35
1591.1
1590.86
1590.61
1590.36
1590.12
1589.87
1589.63
1589.38
1589.13
1588.89
1588.64
1588.39
1588.14
1587.9
1587.65
1587.4
1587.16
1586.91
1586.66
1586.41
1586.16
1585.91
1585.67
1585.42
1585.17
1584.92
1584.67
1584.42
1584.17
1583.92
1583.67
1583.42
1583.17
1582.92
1582.67
1582.42
1582.17
1581.92
1581.67
1581.42
1581.17
1580.92
1580.67
1580.42
1580.17
1579.91
1579.66
1579.41
1579.16
1578.91
1578.65
1578.4
1578.15
1577.9
1577.64
1577.39
1577.14
1576.88
1576.63
1576.38
1576.12
1575.87
1575.62
1575.36
1575.11
1574.85
1574.6
1574.34
1574.09
1573.83
1573.58
1573.32
1573.07
1572.81
1572.56
1572.3
1572.04
1571.79
1571.53
1571.27
1571.02
1570.76
1570.5
1570.25
1569.99
1569.73
1569.47
1569.22
1568.96
1568.7
1568.44
1568.18
1567.92
1567.67
1567.41
1567.15
1566.89
1566.63
1566.37
1566.11
1565.85
1565.59
1565.33
1565.07
1564.81
1564.55
1564.29
1564.03
1563.77
1563.51
1563.24
1562.98
1562.72
1562.46
1562.2
1561.93
1561.67
1561.41
1561.15
1560.88
1560.62
1560.36
1560.09
1559.83
1559.57
1559.3
1559.04
1558.77
1558.51
1558.25
1557.98
1557.72
1557.45
1557.19
1556.92
1556.65
1556.39
1556.12
1555.86
1555.59
1555.32
1555.06
1554.79
1554.52
1554.26
1553.99
1553.72
1553.45
1553.18
1552.92
1552.65
1552.38
1552.11
1551.84
1551.57
1551.3
1551.03
1550.76
1550.49
1550.22
1549.95
1549.68
1549.41
1549.14
1548.87
1548.6
1548.33
1548.06
1547.78
1547.51
1547.24
1546.97
1546.69
1546.42
1546.15
1545.87
1545.6
1545.33
1545.05
1544.78
1544.5
1544.23
1543.96
1543.68
1543.4
1543.13
1542.85
1542.58
1542.3
1542.03
1541.75
1541.47
1541.19
1540.92
1540.64
1540.36
1540.08
1539.81
1539.53
1539.25
1538.97
1538.69
1538.41
1538.13
1537.85
1537.57
1537.29
1537.01
1536.73
1536.45
1536.17
1535.88
1535.6
1535.32
1535.04
1534.75
1534.47
1534.19
1533.9
1533.62
1533.34
1533.05
1532.77
1532.48
1532.2
1531.91
1531.62
1531.34
1531.05
1530.77
1530.48
1530.19
1529.9
1529.62
1529.33
1529.04
1528.75
1528.46
1528.17
1527.88
1527.59
1527.3
1527.01
1526.72
1526.43
1526.14
1525.84
1525.55
1525.26
1524.97
1524.67
1524.38
1524.09
1523.79
1523.5
1523.2
1522.91
1522.61
1522.31
1522.02
1521.72
1521.42
1521.12
1520.83
1520.53
1520.23
1519.93
1519.63
1519.33
1519.03
1518.73
1518.43
1518.13
1517.82
1517.52
1517.22
1516.91
1516.61
1516.31
1516
1515.7
1515.39
1515.09
1514.78
1514.47
1514.16
1513.86
1513.55
1513.24
1512.93
1512.62
1512.31
1512
1511.69
1511.38
1511.06
1510.75
1510.44
1510.12
1509.81
1509.5
1509.18
1508.86
1508.55
1508.23
1507.91
1507.59
1507.28
1506.96
1506.64
1506.32
1505.99
1505.67
1505.35
1505.03
1504.7
1504.38
1504.06
1503.73
1503.4
1503.08
1502.75
1502.42
1502.09
1501.76
1501.43
1501.1
1500.77
1500.44
1500.11
1499.77
1499.44
1499.1
1498.77
1498.43
1498.09
1497.76
1497.42
1497.08
1496.74
1496.39
1496.05
1495.71
1495.37
1495.02
1494.68
1494.33
1493.98
1493.63
1493.29
1492.94
1492.59
1492.23
1491.88
1491.53
1491.17
1490.82
1490.46
1490.1
1489.75
1489.39
1489.03
1488.66
1488.3
1487.94
1487.57
1487.21
1486.84
1486.47
1486.11
1485.74
1485.36
1484.99
1484.62
1484.24
1483.87
1483.49
1483.11
1482.73
1482.35
1481.97
1481.59
1481.2
1480.82
1480.43
1480.04
1479.65
1479.26
1478.87
1478.48
1478.08
1477.69
1477.29
1476.89
1476.49
1476.09
1475.68
1475.28
1474.87
1474.46
1474.05
1473.64
1473.23
1472.81
1472.39
1471.98
1471.56
1471.14
1470.71
1470.29
1469.86
1469.43
1469
1468.57
1468.14
1467.7
1467.26
1466.82
1466.38
1465.94
1465.49
1465.05
1464.6
1464.14
1463.69
1463.24
1462.78
1462.32
1461.86
1461.39
1460.93
1460.46
1459.99
1459.51
1459.04
1458.56
1458.08
1457.6
1457.11
1456.62
1456.13
1455.64
1455.15
1454.65
1454.15
1453.65
1453.14
1452.63
1452.12
1451.61
1451.09
1450.57
1450.05
1449.53
1449
1448.47
1447.93
1447.4
1446.86
1446.31
1445.77
1445.22
1444.67
1444.11
1443.55
1442.99
1442.42
1441.86
1441.28
1440.71
1440.13
1439.55
1438.96
1438.37
1437.78
1437.18
1436.58
1435.97
1435.37
1434.75
1434.14
1433.52
1432.89
1432.26
1431.63
1431
1430.36
1429.71
1429.06
1428.41
1427.75
1427.09
1426.42
1425.75
1425.08
1424.39
1423.71
1423.02
1422.33
1421.63
1420.92
1420.21
1419.5
1418.78
1418.06
1417.33
1416.59
1415.86
1415.11
1414.36
1413.6
1412.84
1412.08
1411.31
1410.53
1409.74
1408.96
1408.16
1407.36
1406.55
1405.74
1404.92
1404.1
1403.27
1402.43
1401.59
1400.74
1399.88
1399.02
1398.15
1397.27
1396.39
1395.5
1394.6
1393.7
1392.79
1391.87
1390.95
1390.02
1389.08
1388.13
1387.18
1386.22
1385.25
1384.27
1383.29
1382.3
1381.3
1380.29
1379.28
1378.25
1377.22
1376.18
1375.13
1374.08
1373.01
1371.94
1370.86
1369.77
1368.67
1367.56
1366.45
1365.32
1364.19
1363.04
1361.89
1360.73
1359.56
1358.38
1357.18
1355.98
1354.78
1353.56
1352.33
1351.09
1349.84
1348.58
1347.31
1346.03
1344.74
1343.44
1342.13
1340.81
1339.48
1338.13
1336.78
1335.42
1334.04
1332.65
1331.26
1329.85
1328.43
1327
1325.55
1324.1
1322.63
1321.16
1319.67
1318.17
1316.65
1315.13
1313.59
1312.04
1310.48
1308.91
1307.32
1305.72
1304.11
1302.49
1300.85
1299.2
1297.54
1295.87
1294.18
1292.48
1290.76
1289.04
1287.3
1285.54
1283.78
1282
1280.2
1278.4
1276.58
1274.74
1272.89
1271.03
1269.16
1267.27
1265.36
1263.45
1261.51
1259.57
1257.61
1255.63
1253.65
1251.64
1249.63
1247.59
1245.55
1243.49
1241.41
1239.32
1237.22
1235.1
1232.97
1230.82
1228.66
1226.48
1224.29
1222.08
1219.86
1217.62
1215.37
1213.11
1210.83
1208.53
1206.22
1203.89
1201.55
1199.2
1196.83
1194.44
1192.04
1189.63
1187.2
1184.75
1182.29
1179.82
1177.33
1174.83
1172.31
1169.77
1167.23
1164.66
1162.09
1159.49
1156.89
1154.27
1151.63
1148.98
1146.32
1143.64
1140.94
1138.24
1135.51
1132.78
1130.03
1127.27
1124.49
1121.7
1118.89
1116.07
1113.24
1110.39
1107.54
1104.66
1101.78
1098.88
1095.97
1093.04
1090.1
1087.15
1084.19
1081.21
1078.22
1075.22
1072.21
1069.18
1066.15
1063.1
1060.04
1056.97
1053.88
1050.79
1047.68
1044.57
1041.44
1038.3
1035.15
1031.99
1028.82
1025.64
1022.45
1019.25
1016.04
1012.82
1009.59
1006.36
1003.11
999.855
996.591
993.319
990.038
986.749
983.452
980.148
976.835
973.516
970.189
966.855
963.514
960.167
956.813
953.453
950.087
946.714
943.337
939.953
936.564
933.171
929.772
926.368
922.96
919.548
916.132
912.711
909.287
905.86
902.429
898.995
895.558
892.118
888.676
885.231
881.784
878.336
874.886
871.434
867.981
864.527
861.072
857.616
854.16
850.703
847.247
843.79
840.334
836.878
833.423
829.969
826.516
823.065
819.614
816.166
812.719
809.274
805.832
802.392
798.954
795.52
792.088
788.66
785.234
781.813
778.395
774.981
771.571
768.165
764.763
761.366
757.974
754.587
751.205
747.828
744.456
741.09
737.73
734.375
731.027
727.684
724.348
721.019
717.696
714.379
711.07
707.768
704.472
701.184
697.904
694.631
691.366
688.108
684.859
681.617
678.384
675.159
671.943
668.735
665.535
662.345
659.163
655.99
652.826
649.672
646.526
643.39
640.264
637.147
634.039
630.942
627.854
624.776
621.708
618.65
615.602
612.565
609.537
606.52
603.514
600.518
597.532
594.557
591.593
588.639
585.697
582.765
579.844
576.933
574.034
571.146
568.269
565.403
562.548
559.705
556.872
554.051
551.242
548.443
545.656
542.88
540.116
537.363
534.622
531.892
529.174
526.467
523.772
521.088
518.416
515.755
513.106
510.469
507.843
505.229
502.627
500.036
497.457
494.889
492.333
489.789
487.256
484.735
482.225
479.727
477.241
474.766
472.303
469.852
467.412
464.983
462.566
460.161
457.767
455.384
453.013
450.654
448.306
445.969
443.644
441.33
439.027
436.736
434.456
432.187
429.929
427.683
425.447
423.223
421.01
418.808
416.617
414.437
412.268
410.11
407.963
405.827
403.701
401.587
399.483
397.39
395.307
393.236
391.174
389.124
387.084
385.054
383.035
381.026
379.028
377.04
375.062
373.095
371.137
369.19
367.253
365.326
363.409
361.502
359.606
357.718
355.841
353.974
352.116
350.268
348.43
346.601
344.782
342.972
341.172
339.382
337.6
335.829
334.066
332.313
330.568
328.833
327.107
325.391
323.683
321.984
320.294
318.613
316.941
315.277
313.623
311.976
310.339
308.71
307.09
305.478
303.875
302.28
300.693
299.115
297.545
295.983
294.429
292.884
291.346
289.817
288.295
286.782
285.276
283.778
282.288
280.806
279.331
277.864
276.405
274.953
273.508
272.071
270.642
269.22
267.805
266.398
264.997
263.604
262.218
260.839
259.468
258.103
256.745
255.394
254.05
252.713
251.382
250.059
248.742
247.432
246.128
244.831
243.54
242.256
240.979
239.707
238.442
237.184
235.932
234.686
233.446
232.212
230.984
229.763
228.547
227.338
226.134
224.937
223.745
222.559
221.379
220.205
219.036
217.873
216.716
215.564
214.418
213.277
212.142
211.012
209.888
208.769
207.655
206.547
205.444
204.346
203.254
202.166
201.084
200.006
198.934
197.867
196.805
195.747
194.695
193.647
192.605
191.567
190.534
189.505
188.482
187.463
186.448
185.438
184.433
183.432
182.436
181.445
180.457
179.474
178.496
177.522
176.552
175.586
174.625
173.668
172.715
171.766
170.822
169.881
168.945
168.012
167.084
166.159
165.239
164.322
163.409
162.501
161.596
160.694
159.797
158.903
158.013
157.127
156.245
155.366
154.49
153.618
152.75
151.886
151.024
150.167
149.312
148.462
147.614
146.77
145.929
145.092
144.258
143.427
142.6
141.775
140.954
140.136
139.321
138.51
137.701
136.895
136.093
135.293
134.497
133.704
132.913
132.125
131.341
130.559
129.78
129.004
128.231
127.46
126.692
125.927
125.165
124.406
123.649
122.895
122.143
121.394
120.648
119.904
119.163
118.424
117.688
116.955
116.224
115.495
114.769
114.045
113.323
112.604
111.888
111.173
110.461
109.751
109.044
108.339
107.636
106.935
106.236
105.54
104.846
104.154
103.464
102.776
102.09
101.406
100.725
100.045
99.3673
98.6917
98.018
97.3464
96.6766
96.0088
95.3429
94.6789
94.0168
93.3565
92.698
92.0414
91.3866
90.7336
90.0823
89.4328
88.785
88.139
87.4947
86.852
86.211
85.5717
84.934
84.298
83.6635
83.0307
82.3994
81.7697
81.1415
80.5148
79.8897
79.2661
78.6439
78.0232
77.404
76.7862
76.1698
75.5548
74.9412
74.329
73.7182
73.1087
72.5005
71.8937
71.2881
70.6839
70.0809
69.4791
68.8786
68.2794
67.6813
67.0845
66.4888
65.8944
65.301
64.7088
64.1178
63.5278
62.939
62.3513
61.7646
61.179
60.5944
60.0109
59.4283
58.8468
58.2663
57.6868
57.1082
56.5305
55.9539
55.3781
54.8032
54.2293
53.6562
53.084
52.5126
51.9421
51.3725
50.8036
50.2356
49.6683
49.1018
48.5361
47.9712
47.4069
46.8434
46.2807
45.7186
45.1572
44.5965
44.0364
43.477
42.9183
42.3601
41.8026
41.2457
40.6893
40.1335
39.5783
39.0237
38.4695
37.9159
37.3628
36.8102
36.2581
35.7065
35.1553
34.6046
34.0543
33.5044
32.9549
32.4059
31.8572
31.3089
30.7609
30.2133
29.6661
29.1191
28.5725
28.0262
27.4801
26.9343
26.3888
25.8436
25.2985
24.7537
24.2091
23.6647
23.1205
22.5765
22.0326
21.4889
20.9453
20.4018
19.8584
19.3152
18.772
18.2289
17.6858
17.1428
16.5999
16.0569
15.514
14.9711
14.4282
13.8852
13.3422
12.7991
12.256
11.7128
11.1695
10.6261
10.0825
9.5389
8.99511
8.45116
7.90704
7.36275
6.81826
6.27356
5.72864
5.18349
4.63809
4.09243
3.5465
3.00029
2.45377
1.90694
1.79805
1.77779
1.76469
1.75224
1.73993
1.7277
1.71556
1.70351
1.69154
1.67966
1.66786
1.65614
1.64451
1.63295
1.62148
1.61009
1.59878
1.58755
1.57639
1.56532
1.55432
1.5434
1.53256
1.52179
1.5111
1.50048
1.48994
1.47948
1.46908
1.45876
1.44851
1.43834
1.42823
1.4182
1.40823
1.39834
1.38852
1.37876
1.36908
1.35946
1.34991
1.34043
1.33101
1.32166
1.31237
1.30315
1.294
1.28491
1.27588
1.26692
1.25802
1.24918
1.2404
1.23169
1.22304
1.21445
1.20591
1.19744
1.18903
1.18068
1.17238
1.16415
1.15597
1.14785
1.13979
1.13178
1.12383
1.11593
1.10809
1.10031
1.09258
1.0849
1.07728
1.06971
1.0622
1.05474
1.04733
1.03997
1.03267
1.02541
1.01821
1.01106
1.00395
0.996901
0.989898
0.982944
0.976039
0.969183
0.962374
0.955614
0.948901
0.942235
0.935616
0.929044
0.922518
0.916037
0.909602
0.903213
0.896868
0.890568
0.884312
0.8781
0.871932
0.865807
0.859725
0.853685
0.847689
0.841734
0.835821
0.82995
0.82412
0.818331
0.812582
0.806874
0.801207
0.795578
0.78999
0.784441
0.77893
0.773459
0.768026
0.762631
0.757274
0.751954
0.746672
0.741427
0.736219
0.731048
0.725913
0.720814
0.71575
0.710723
0.70573
0.700773
0.695851
0.690963
0.686109
0.68129
0.676504
0.671752
0.667034
0.662348
0.657696
0.653076
0.648489
0.643934
0.63941
0.634919
0.630459
0.626031
0.621633
0.617267
0.612931
0.608626
0.604351
0.600106
0.595891
0.591705
0.587549
0.583422
0.579324
0.575255
0.571214
0.567202
0.563218
0.559262
0.555333
0.551433
0.547559
0.543713
0.539894
0.536102
